0 -0.757101 -0.422261 -0.026493 0.347898 0.707385
1 -0.786876 -0.409992 -0.0291755 0.401592 0.702975
2 -0.700156 -0.397781 -0.00282505 0.341827 0.697514
3 -0.75553 -0.384268 -0.0355833 0.448233 0.757626
4 -0.749365 -0.450949 -0.0590753 0.333895 0.682204
5 -0.75602 -0.418583 -0.0185276 0.342175 0.715559
6 -0.815577 -0.429593 -0.0154741 0.345795 0.809184
7 -0.805212 -0.47902 -0.0272402 0.378052 0.755097
8 -0.687789 -0.359656 -0.0280413 0.421365 0.745166
9 -0.762466 -0.434449 0.0114025 0.440338 0.757476
10 -0.643268 -0.385393 -0.0439384 0.338732 0.72648
11 -0.740482 -0.457233 -0.0169998 0.400643 0.784882
12 -0.651059 -0.326259 -0.0337599 0.409719 0.796092
13 -0.709407 -0.393973 -0.0261936 0.295919 0.700627
14 -0.809626 -0.541898 -0.095165 0.451097 0.772406
15 -0.773106 -0.396927 -0.087552 0.414913 0.703594
16 -0.740015 -0.320669 -0.074425 0.338071 0.650741
17 -0.719363 -0.37749 -0.0408011 0.308153 0.659967
18 -0.794414 -0.431265 -0.00575921 0.350135 0.771001
19 -0.603329 -0.356682 0.0179422 0.307994 0.746249
20 -0.79703 -0.292234 -0.0101575 0.399328 0.778675
21 -0.717317 -0.44403 -0.0725078 0.313197 0.802736
22 -0.826317 -0.375629 -0.0763827 0.37326 0.812775
23 -0.720278 -0.36794 0.0359587 0.351189 0.71765
24 -0.730611 -0.406739 0.0195541 0.315129 0.739931
25 -0.76365 -0.443328 0.0287566 0.334332 0.633493
26 -0.751468 -0.399725 -0.00778001 0.360614 0.693121
27 -0.752831 -0.413852 -0.00655254 0.333392 0.807086
28 -0.739153 -0.329404 0.0148516 0.303733 0.69266
29 -0.747435 -0.392683 -0.0617336 0.411628 0.821545
30 -0.725838 -0.33583 -0.0325299 0.312731 0.605095
31 0 0 0 0 0
32 0 0 0 0 0
33 0 0 0 0 0
34 0 0 0 0 0
35 0 0 0 0 0
36 0 0 0 0 0
37 0 0 0 0 0
38 0 0 0 0 0
39 0 0 0 0 0
40 0 0 0 0 0
41 -0.714308 -0.45288 -0.0163578 0.359933 0.646725
42 0 0 0 0 0
43 -0.72063 -0.446138 -0.0286481 0.419271 0.762598
44 -0.769128 -0.418018 -0.0142739 0.358072 0.659821
45 -0.697915 -0.287262 -0.00490689 0.418836 0.669856
46 -0.701166 -0.305877 0.0218654 0.44844 0.733729
47 -0.784956 -0.490405 -0.0336923 0.427533 0.744032
48 -0.674113 -0.325345 -0.0108091 0.295743 0.705362
49 -0.720549 -0.432276 -0.0232051 0.342092 0.697405
50 -0.712384 -0.468262 -0.0525616 0.40313 0.680302
51 0 0 0 0 0
52 -0.810067 -0.396689 -0.0978634 0.402466 0.708092
53 -0.772779 -0.426705 -0.0040818 0.321599 0.746302
54 -0.719267 -0.4148 -0.0333021 0.302473 0.739272
55 -0.668846 -0.366889 0.0205178 0.358693 0.737249
56 -0.716689 -0.468454 -0.0366129 0.401953 0.735718
57 -0.709692 -0.397559 -0.0497812 0.351848 0.726868
58 -0.684646 -0.397826 -0.00781874 0.293597 0.724538
59 -0.69475 -0.384475 -0.0154782 0.347294 0.721601
60 -0.707844 -0.412601 -0.0115604 0.371041 0.700226
61 -0.740761 -0.418093 -0.0877677 0.422826 0.744568
62 -0.761665 -0.437518 0.0258945 0.288395 0.746521
63 -0.604232 -0.226117 0.0208325 0.443081 0.746625
64 -0.625415 -0.376506 0.0339205 0.378094 0.793337
65 -0.680643 -0.347994 -0.00995236 0.383523 0.741994
66 -0.695809 -0.323397 -0.00960372 0.379219 0.682124
67 -0.786149 -0.352321 -0.0195691 0.378868 0.695406
68 -0.655951 -0.4509 -0.0109971 0.377901 0.711849
69 -0.762336 -0.320681 -0.0849913 0.358115 0.662399
70 -0.683426 -0.510542 -0.101527 0.417453 0.665828
71 -0.736469 -0.403552 -0.0546395 0.389826 0.659655
72 -0.768096 -0.385421 -0.059797 0.38633 0.768061
73 -0.706968 -0.377597 0.0225725 0.225728 0.63198
74 -0.756304 -0.325187 0.0217094 0.372878 0.730564
75 -0.745728 -0.391695 -0.012923 0.446894 0.746567
76 -0.73875 -0.426717 -0.0266149 0.453022 0.779071
77 -0.729912 -0.334185 0.00472805 0.379052 0.683348
78 0 0 0 0 0
79 -0.66404 -0.359172 -0.0206736 0.3625 0.792531
80 0 0 0 0 0
81 -0.756354 -0.461078 -0.0457528 0.381375 0.718733
82 -0.711635 -0.491695 0.0404271 0.429375 0.778464
83 -0.712374 -0.341907 -0.000277873 0.409298 0.731292
84 -0.733833 -0.431082 0.00655379 0.322413 0.712644
85 -0.752039 -0.393398 -0.0556096 0.30431 0.7466
86 0 0 0 0 0
87 0 0 0 0 0
88 -0.754154 -0.325043 -0.0253549 0.361562 0.706713
89 -0.75803 -0.310802 -0.0554265 0.359545 0.744584
90 -0.775259 -0.34211 0.0156618 0.356221 0.714117
91 -0.731117 -0.397932 -0.012103 0.315562 0.662708
92 -0.670196 -0.387037 -0.0263996 0.395212 0.722379
93 -0.743874 -0.444343 -0.0116601 0.301693 0.643121
94 -0.766111 -0.312856 0.0288498 0.340712 0.773458
95 0 0 0 0 0
