96
0
3809.13	2499.24
1721.05	2570.77
7
124.274	160.226
406.057	360.508
760.093	653.779
1309.21	1161.64
1923.35	1783.94
2494.14	2377.64
2703.68	2606.53
8
124.274	160.226
160.4	467.802
210.976	854.061
333.805	1283.24
442.183	1698.11
630.039	2105.83
926.273	2384.79
1265.86	2592.23
10
124.274	160.226
355.481	145.92
810.669	210.296
1316.43	310.438
1749.95	482.108
2103.98	682.391
2486.92	982.814
2855.4	1526.44
3267.24	2134.44
3520.12	2599.38
1
4078.59	1939.62
2183.5	1917.35
12
68.6339	117.132
168.41	219.587
268.186	302.659
470.762	446.651
652.174	607.257
996.855	814.937
1278.04	967.236
1571.32	1127.84
1976.48	1346.6
2321.16	1559.82
2693.05	1814.57
2922.84	1986.25
11
68.6339	117.132
71.6575	225.125
77.7045	355.272
104.916	515.878
165.387	709.713
298.422	967.236
413.316	1138.92
609.844	1341.06
869.867	1548.74
1281.07	1761.96
1668.08	1941.95
14
68.6339	117.132
274.233	114.363
537.28	153.13
754.974	180.82
1021.04	219.587
1250.83	255.585
1553.18	338.657
1804.14	421.729
2106.49	560.183
2402.79	704.174
2937.96	978.312
3424.74	1285.68
3872.23	1576.43
4150.39	1759.19
2
2164.11	1859.08
976.88	1884.89
9
138.928	150.471
259.53	279.52
389.53	398.246
528.928	547.943
716.88	803.46
881.337	1051.23
1092.78	1368.69
1263.51	1629.37
1479.65	1946.83
7
138.928	150.471
159.289	449.865
196.88	777.65
297.12	1162.22
377	1386.76
564.952	1696.48
735.675	1902.96
11
138.928	150.471
314.349	153.052
475.675	165.957
647.964	186.605
881.337	266.615
1064.59	398.246
1312.06	643.439
1550.13	1002.2
1805.43	1417.73
2007.48	1737.78
2079.53	1926.19
3
4057.79	2430.14
1682.63	2426.85
11
140.391	126.066
216.914	221.52
343.472	340.016
537.723	530.925
832.043	820.58
1141.08	1093.78
1417.74	1343.93
1765.04	1663.21
2121.17	1992.37
2344.85	2203.03
2645.06	2486.1
10
140.391	126.066
143.334	386.097
155.107	580.298
187.482	820.58
234.573	1090.49
325.812	1449.26
452.37	1761.96
623.076	2041.74
829.1	2216.19
1079.27	2436.72
15
140.391	126.066
296.38	126.066
525.95	142.523
784.952	172.147
1105.76	218.229
1317.67	257.727
1561.96	307.1
1779.75	382.806
2035.81	484.843
2262.44	619.796
2665.66	843.621
2974.69	1116.82
3339.65	1475.6
3678.12	1896.91
3987.15	2466.35
4
3902.81	3016.73
3917.7	1960.36
10
150.394	219.934
396.088	393.111
671.564	583.605
1073.61	791.416
1572.44	1033.86
2011.71	1302.29
2488.21	1518.76
3061.5	1969.02
3694.34	2453.91
4029.38	2661.72
10
150.394	219.934
142.949	505.675
247.183	973.252
448.205	1362.9
783.243	1648.64
1408.65	2142.19
1989.38	2436.59
2547.77	2756.97
3195.51	2921.49
3895.37	3086
9
150.394	219.934
634.337	211.275
1229.96	289.205
1736.24	349.816
2257.41	522.993
2778.58	713.487
3366.75	964.593
3776.24	1336.92
3954.93	1492.78
5
3545.74	2102.64
3548.3	193.444
10
122.055	136.642
206.496	209.223
288.377	294.426
416.318	411.187
541.699	534.259
761.757	704.667
1048.34	935.032
1350.28	1152.78
1949.04	1622.97
2921.39	2345.63
11
122.055	136.642
127.173	303.893
157.878	436.433
214.172	654.176
278.142	862.451
423.994	1114.91
587.758	1357.9
871.785	1585.11
1263.28	1799.69
1744.34	2067.93
2023.25	2206.78
11
122.055	136.642
260.231	149.264
452.141	193.444
720.816	243.935
938.314	307.049
1212.11	404.876
1457.75	534.259
1705.96	676.265
1956.72	852.984
2307.28	1152.78
2783.21	1575.64
6
3938.13	2495.32
3938.13	136.471
9
132.625	129.345
237.702	254.057
371.179	393.023
561.454	603.253
731.85	767.161
913.606	923.943
1208.96	1134.17
1771.27	1558.2
3148.63	2627.16
10
132.625	129.345
161.024	442.908
209.303	678.08
291.661	980.954
393.898	1251.76
550.095	1543.94
817.048	1825.44
1223.16	2121.18
1811.02	2463.25
2126.26	2620.03
12
132.625	129.345
322.9	172.103
524.535	221.988
729.01	264.747
1013	332.448
1302.68	432.218
1634.95	603.253
1970.06	820.609
2319.37	1105.67
2645.96	1372.91
3086.15	1722.1
3407.07	2081.99
7
3993.33	3562.63
4005.21	2400.75
9
115.012	138.387
213.084	232.848
317.1	346.203
483.526	487.895
652.924	653.204
976.859	964.928
1339.43	1238.87
2100.23	1777.3
4076.54	3279.24
10
115.012	138.387
153.647	379.264
201.197	657.927
293.325	1012.16
447.863	1404.18
736.137	1838.7
1095.73	2225.99
1410.76	2429.09
1785.21	2665.24
2566.82	3109.21
14
115.012	138.387
287.381	176.171
534.048	204.51
849.068	256.464
1155.17	317.864
1407.78	379.264
1660.39	435.941
2031.88	648.481
2320.15	799.62
2661.92	964.928
3072.04	1309.71
3398.95	1597.82
3752.6	1999.29
4031.96	2358.24
8
4169.51	2921.67
4169.51	1155.92
11
115.398	125.892
403.893	395.66
669.612	649.078
1056.8	910.672
1390.85	1196.79
1778.04	1482.91
2256.34	1818.07
2696.67	2120.54
3167.37	2406.66
3729.18	2839.92
4002.49	3027.94
11
115.398	125.892
100.214	305.737
198.91	706.302
365.933	1188.61
578.509	1491.08
768.308	1769.02
1178.27	2055.14
1633.79	2349.43
2157.64	2635.55
2818.14	2938.02
3205.33	3052.47
12
115.398	125.892
252.054	125.892
578.509	142.241
897.372	199.465
1292.15	289.388
1648.98	379.31
2005.8	510.107
2423.36	706.302
2947.21	1049.64
3395.13	1384.81
3729.18	1728.15
4146.74	2169.59
9
3976.54	2344.56
1779.03	2374.18
9
85.5387	60.2351
183.462	165.564
301.546	287.351
494.512	534.216
762.36	827.163
1292.3	1334.06
1802.07	1794.87
2219.69	2147.07
2539.38	2413.68
8
85.5387	60.2351
114.34	333.433
160.421	721.834
246.824	1106.94
353.387	1436.1
540.593	1834.37
848.763	2179.98
1119.49	2397.23
10
85.5387	60.2351
313.066	86.5674
569.394	126.066
932.286	211.646
1321.1	316.975
1689.75	471.677
2357.93	985.157
2971.39	1524.97
3380.36	1933.12
3898.78	2416.97
10
4078.15	3018.09
4063.4	649.336
12
97.3093	110.984
347.955	326.325
554.368	500.254
893.477	748.725
1306.3	1080.02
1579.07	1311.92
1888.69	1576.96
2279.4	1933.1
2729.08	2256.11
3031.33	2546
3377.81	2811.03
3739.04	3125.76
10
97.3093	110.984
97.3093	400.866
193.144	872.96
414.302	1345.05
687.063	1717.76
1011.43	2024.21
1468.49	2396.91
1903.43	2686.8
2308.89	2910.42
2758.57	3117.48
12
97.3093	110.984
362.698	119.266
657.575	119.266
996.684	168.96
1365.28	301.478
1755.99	500.254
2176.19	765.289
2603.76	1080.02
2920.75	1444.44
3267.23	1775.74
3643.2	2189.85
4004.43	2686.8
11
4217.39	3322.54
2329.71	3331.89
12
106.146	117.644
175.441	168.793
263.633	252.492
383.324	378.041
622.704	559.389
928.229	847.685
1281	1191.78
1693.62	1642.83
2191.28	2182.22
2537.75	2586.77
3025.96	3135.46
3262.19	3395.86
12
106.146	117.644
118.745	364.091
131.344	545.439
165.991	866.285
206.938	1145.28
285.682	1503.33
370.725	1786.97
537.661	2182.22
758.143	2535.62
1101.46	2875.06
1495.18	3200.56
1747.16	3363.31
13
106.146	117.644
295.131	122.294
506.163	131.593
764.442	178.093
1110.91	229.242
1473.13	326.891
1759.76	452.44
2109.38	624.488
2471.6	903.485
2915.72	1405.68
3488.97	2038.07
3933.08	2605.37
4282.7	3172.66
12
786.819	1972.71
786.819	211.361
9
140.688	73.7563
182.235	167.328
230.946	271.908
292.55	409.513
355.587	547.118
445.845	783.798
524.642	965.437
649.284	1312.2
733.811	1521.36
8
140.688	73.7563
173.639	602.16
195.129	772.79
242.407	948.924
316.905	1207.62
411.461	1422.29
513.181	1658.97
617.765	1912.16
10
140.688	73.7563
179.37	79.2605
216.619	79.2605
261.032	84.7647
331.232	117.79
405.731	150.815
497.421	233.378
571.92	398.504
690.831	888.378
745.272	1108.55
13
4421.5	3482.03
3831.64	3482.03
11
96.1032	109.286
202.885	207.301
345.26	364.124
756.207	775.786
1141.27	1109.04
1458.38	1363.87
1866.09	1711.83
2247.91	2054.88
2687.98	2456.74
3208.94	2927.21
3720.2	3397.68
9
96.1032	109.286
125.225	378.827
160.819	604.26
215.828	883.602
361.439	1309.97
626.775	1829.44
885.639	2172.49
1532.8	2799.79
2063.47	3177.14
10
96.1032	109.286
206.12	119.088
354.967	143.591
610.596	192.599
960.062	261.209
1371.01	427.834
1917.86	687.573
2403.23	1060.03
2995.38	1559.9
3603.71	2108.78
14
4348.85	4318.34
4374.05	406.089
10
131.344	162.317
232.136	257.447
465.217	429.871
833.737	739.046
1265.25	1048.22
1699.92	1571.44
2310.97	2231.41
2944.06	3040.02
3766.15	4009.16
4068.52	4354.01
9
131.344	162.317
159.692	501.219
213.237	935.253
332.928	1541.71
584.907	2160.06
981.775	2766.52
1457.39	3337.3
2159.78	3961.6
2584.99	4258.88
11
131.344	162.317
880.983	227.719
1211.71	275.284
1482.58	322.85
1766.06	382.306
2118.83	507.165
2465.3	649.861
2805.48	941.199
3340.93	1452.53
3813.39	2064.93
4137.82	2617.88
15
4004.66	3048.49
4010.44	327.323
8
97.2524	123.018
230.001	236.038
530.127	483.812
960.115	801.137
1468.02	1227.13
1987.47	1722.68
2766.64	2400.8
3704.54	3252.8
11
97.2524	123.018
111.682	362.098
146.312	622.913
186.713	888.075
247.316	1092.38
342.548	1387.97
518.583	1713.99
749.45	1992.19
1289.1	2448.62
1834.52	2874.62
2339.54	3209.33
11
97.2524	123.018
319.461	153.446
579.186	175.181
890.855	231.691
1268.9	327.323
1543.05	431.649
1961.5	683.77
2353.97	992.401
2674.3	1305.38
3092.74	1718.34
3375.55	2079.13
16
2102.76	1933.93
1188.25	1923.61
11
30.1773	39.489
131.279	119.499
227.785	199.51
324.291	295.006
422.329	452.446
518.835	620.21
679.678	891.213
855.84	1188.03
998.301	1404.83
1123.91	1637.12
1240.33	1822.95
8
30.1773	39.489
59.2823	333.721
102.174	640.858
189.489	919.604
295.186	1095.11
403.947	1288.68
590.831	1603.56
688.869	1776.49
9
30.1773	39.489
132.811	44.651
256.89	54.9749
390.16	93.6896
540.281	142.728
750.143	318.235
964.601	586.657
1225.01	940.252
1453.26	1211.25
17
2060.95	2939.97
2080.91	1620.27
11
92.6735	83.9091
167.544	170.576
255.726	276.939
387.166	410.879
515.278	544.818
691.641	749.667
891.297	962.394
1174.14	1293.3
1571.79	1746.33
1819.7	2128.45
2120.84	2518.45
10
92.6735	83.9091
112.639	375.424
127.613	674.818
165.881	938.758
212.467	1238.15
274.028	1517.85
410.459	1907.85
583.494	2262.39
854.693	2601.18
1192.44	2861.18
10
92.6735	83.9091
184.182	99.6666
350.562	123.303
633.408	158.758
863.012	209.97
1074.31	288.758
1383.78	442.394
1636.68	619.667
1916.2	930.879
2110.86	1368.15
18
2611.11	2033.68
2601.72	543.236
9
108.914	88.6212
287.307	284.278
493.867	474.181
714.511	687.102
996.185	923.041
1259.08	1170.49
1620.56	1452.47
1972.65	1774.73
2221.46	1981.89
9
108.914	88.6212
113.608	318.806
113.608	583.519
174.637	986.342
282.612	1337.37
451.616	1567.56
1080.69	1981.89
1404.61	2073.97
1728.54	2166.04
11
108.914	88.6212
338.947	77.1119
601.842	123.149
925.766	146.167
1268.47	232.487
1573.62	336.07
1836.51	485.69
2122.88	646.819
2334.13	894.268
2531.3	1228.04
2611.11	1377.66
19
3599.26	2091.8
3605.86	665.03
9
133.355	74.0249
252.186	282.966
404.025	503.847
549.263	688.909
826.535	915.759
1209.43	1136.64
1697.96	1453.04
2186.49	1727.65
2780.64	2223.13
9
133.355	74.0249
139.956	408.331
172.965	665.03
225.779	927.699
331.406	1333.64
496.449	1566.46
767.12	1781.37
1367.88	2079.86
1711.17	2235.07
9
133.355	74.0249
377.618	91.9341
707.704	169.541
1163.22	306.845
1552.72	491.907
1975.23	682.939
2443.96	957.548
2998.5	1321.7
3579.45	1900.77
20
2429.19	3165.89
2446.86	454.834
10
126.699	81.7095
245.092	199.787
414.731	402.88
626.779	615.419
844.129	804.343
1110.96	1078.28
1363.65	1352.22
1642.84	1649.78
1907.9	1989.84
2404.45	2693.58
9
126.699	81.7095
147.904	284.802
177.944	667.373
239.791	1059.39
322.843	1413.62
465.976	1871.76
716.9	2282.67
1162.2	2693.58
1709.99	3080.87
10
126.699	81.7095
278.667	105.325
471.277	138.387
672.723	147.833
886.538	185.618
1121.56	237.572
1400.76	322.587
1653.45	450.111
1973.29	653.204
2277.22	1158.57
21
2491.64	2638.54
2511.71	282.238
10
99.7969	67.6928
161.828	152.771
243.928	234.15
371.639	359.918
559.556	530.075
793.084	740.922
1048.51	966.564
1380.55	1303.18
1741.79	1706.38
2385.82	2501.67
9
99.7969	67.6928
108.919	186.063
114.392	359.918
145.408	681.737
189.194	1018.35
256.699	1317.97
435.494	1687.88
679.969	2035.59
1086.82	2472.08
11
99.7969	67.6928
201.966	93.5862
327.852	108.382
554.083	145.373
769.367	186.063
1063.1	245.248
1356.84	352.52
1606.78	518.978
1873.15	774.213
2128.57	1232.9
2269.06	1569.51
22
2412.71	2145.53
2412.71	306.845
8
75.6997	91.9341
234.141	253.117
449.797	462.058
810.691	844.122
1118.77	1094.85
1431.25	1393.34
1783.34	1829.13
2131.03	2217.16
8
75.6997	91.9341
97.7054	342.664
124.112	694.879
216.536	1100.82
344.17	1405.28
581.832	1679.89
881.109	1912.71
1343.23	2235.07
9
75.6997	91.9341
357.373	103.874
674.256	139.692
999.94	169.541
1334.43	288.936
1664.51	432.21
2007.8	754.576
2307.08	1184.4
2430.31	1578.4
23
2419.5	2285.97
2423.94	278.201
9
67.4549	87.922
258.281	232.272
551.178	481.603
746.442	671.882
1048.21	986.826
1310.05	1262.4
1571.88	1492.05
1926.9	1859.49
2246.43	2200.67
7
67.4549	87.922
94.0818	343.814
173.963	750.618
315.973	1144.3
537.864	1413.31
941.706	1708.57
1301.17	1859.49
8
67.4549	87.922
289.346	94.4833
688.75	140.413
955.019	199.465
1283.42	311.008
1518.62	429.112
1807.08	685.004
2082.23	1209.91
24
2278.44	2148.59
726.299	2111.16
9
47.239	77.3593
211.732	189.655
334.047	326.906
549.153	576.452
789.566	900.862
996.236	1194.08
1152.29	1449.86
1392.71	1774.27
1628.9	2179.79
8
47.239	77.3593
59.8922	301.951
110.505	676.27
203.296	1112.98
304.523	1443.62
473.233	1799.23
692.557	2061.25
970.93	2260.89
10
47.239	77.3593
274.998	71.1207
587.113	127.269
835.961	202.132
1131.2	345.622
1350.53	545.258
1565.63	838.475
1831.35	1293.9
1987.41	1711.89
2139.25	2036.3
25
2446.13	2061.12
2455	546.635
9
45.2658	26.0302
231.654	250.837
418.043	440.148
653.247	599.879
968.333	854.266
1345.55	1102.74
1722.76	1404.45
2028.97	1664.75
2370.68	1913.22
9
45.2658	26.0302
45.2658	298.165
76.3305	617.627
200.59	1008.08
351.476	1268.38
608.869	1546.43
946.144	1830.4
1394.36	2037.46
1953.53	2191.27
9
45.2658	26.0302
280.47	67.442
622.183	108.854
977.208	179.845
1305.61	304.081
1638.44	505.224
1957.97	783.274
2215.36	1019.91
2432.81	1315.71
26
3260.46	2224.34
1821.08	2239.29
10
80.0447	51.7011
153.676	135.379
298.565	275.839
479.081	452.161
688.1	646.414
980.251	885.494
1322.28	1136.53
1920.84	1590.78
2412.51	1955.38
2737.91	2257.22
12
80.0447	51.7011
84.7952	150.322
84.7952	248.943
106.172	374.46
129.924	488.023
163.177	694.23
239.184	921.356
348.444	1130.55
564.589	1387.56
835.363	1638.6
1151.27	1892.62
1517.05	2122.74
11
80.0447	51.7011
146.551	54.6896
248.685	63.6552
445.828	93.5402
714.227	129.402
1011.13	222.046
1322.28	353.54
1661.94	583.655
2053.85	897.448
2460.01	1196.3
2880.42	1593.77
27
2149.24	2604.67
2152.45	1226.71
10
53.9432	93.163
153.186	174.636
278.04	249.025
431.706	358.837
626.99	489.903
777.454	635.138
975.94	812.254
1232.05	1113.35
1577.8	1513.63
2173.25	2370.87
11
53.9432	93.163
76.3528	231.313
105.165	415.514
146.783	624.511
196.404	844.135
255.63	1035.42
326.06	1233.79
447.713	1421.53
660.604	1719.09
884.701	1991.85
1310.48	2462.97
10
53.9432	93.163
222.015	121.502
422.102	132.129
699.021	171.094
974.339	234.856
1259.26	323.414
1537.78	493.445
1814.7	702.442
2029.19	922.066
2189.26	1517.18
28
680.794	2098.05
677.054	291.626
7
143.587	55.4916
163.53	149.945
197.183	226.689
243.301	433.307
294.404	734.378
385.393	1259.78
505.049	2044.92
6
143.587	55.4916
159.791	468.727
200.923	911.479
254.519	1366.04
323.072	1761.56
374.175	2056.73
8
143.587	55.4916
184.719	49.5882
242.054	73.2017
309.361	173.559
381.653	421.5
478.874	864.252
559.891	1301.1
615.98	1826.5
29
2704.98	2125.7
2693.28	253.137
11
73.5399	66.1776
128.158	137.4
241.297	250.169
377.843	401.517
559.254	567.703
738.715	739.824
1013.76	1012.84
1279.05	1265.09
1597.01	1621.2
1872.05	1915
2129.54	2223.63
11
73.5399	66.1776
81.3425	158.173
98.8984	321.392
124.257	520.222
157.418	719.051
206.185	959.427
254.951	1128.58
338.83	1339.28
529.994	1636.04
752.369	1873.45
1158.11	2155.37
11
73.5399	66.1776
194.481	83.9833
366.139	113.659
609.971	155.206
894.768	211.59
1140.55	294.683
1423.4	416.355
1647.72	570.671
1959.83	849.626
2297.29	1363.02
2607.45	1950.61
30
2628.07	1960.59
2609	249.051
9
72.4722	78.9943
239.349	238.08
487.28	495.909
773.355	748.251
1040.36	984.137
1407.49	1269.39
1698.33	1505.28
2003.48	1774.08
2208.5	1966.08
7
72.4722	78.9943
77.2401	375.223
124.919	682.423
258.421	1049.97
625.55	1373.62
964.071	1697.28
1564.83	2004.48
8
72.4722	78.9943
267.956	78.9943
577.87	133.851
925.928	210.651
1507.61	479.451
1884.28	803.109
2265.71	1209.05
2499.34	1565.62
31
780.514	771.754
731.808	87.8144
4
7.30588	28.7085
92.5414	121.589
250.836	307.351
1109.28	104.702
4
7.30588	28.7085
13.3941	222.914
80.3649	493.112
263.012	763.31
4
7.30588	28.7085
494.366	45.5959
884.014	96.2581
1212.78	79.3707
32
2798.73	1897.52
2824.59	184.578
6
42.405	58.7294
259.602	240.511
683.652	660.007
1366.27	1317.22
2167.83	1974.43
2747.02	2331
6
42.405	58.7294
73.4331	436.276
145.832	1100.48
761.222	2170.19
1557.61	2505.79
2007.52	2603.67
6
42.405	58.7294
357.857	58.7294
1035.3	177.587
1914.43	303.435
2483.28	750.897
2834.93	1282.26
33
2139.03	1538.24
2147.1	148.899
6
49.2195	49.2423
259.007	225.108
529.311	500.631
1130.43	957.881
1590.35	1397.54
2058.34	1878.24
6
49.2195	49.2423
89.5633	295.454
259.007	846.499
710.858	1508.93
1114.3	1936.87
1558.08	2147.9
6
49.2195	49.2423
263.042	19.9314
690.687	137.175
1348.29	442.009
2009.93	805.464
2199.55	1245.13
34
1938.03	1697
1930.84	242.748
6
58.2271	58.1701
209.186	304.274
543.454	695.804
1053.84	1193.61
1438.43	1478.86
1837.39	1814.46
6
58.2271	58.1701
58.2271	259.528
173.244	925.128
363.74	1333.44
654.876	1741.75
1104.16	2049.38
7
58.2271	58.1701
320.609	74.9499
676.441	91.7297
1172.45	276.308
1438.43	432.92
1772.69	858.009
1966.78	1070.55
35
1943.16	1592.81
1918.25	133.4
6
54.0754	36.4854
274.646	247.416
605.502	652.176
907.898	977.124
1245.87	1216.56
1861.33	1706.83
6
54.0754	36.4854
82.5361	270.22
171.476	925.816
292.434	1341.98
626.848	1803.75
1156.93	2065.98
6
54.0754	36.4854
306.665	70.6904
527.235	99.1946
1178.27	304.425
1580.28	538.159
1936.04	863.107
36
2116.01	1865.79
2116.01	245.082
8
114.591	143.435
142.062	160.376
393.22	295.906
636.53	640.376
962.252	900.141
1641.17	1481.79
2068.92	1956.14
2155.26	2046.49
6
114.591	143.435
153.835	691.2
208.776	1284.14
483.481	1854.49
1009.34	2080.38
1256.58	2119.91
6
114.591	143.435
385.372	120.847
844.521	149.082
1319.37	414.494
1896.25	696.847
2178.8	1080.85
37
3907.4	2566.75
3998.94	612.604
6
207.499	194.506
642.333	639.871
1481.48	1385.18
2366.41	1957.79
3243.7	2530.4
4128.63	3039.39
5
207.499	194.506
283.786	676.227
657.59	1903.25
1374.68	2666.73
2557.12	3266.61
5
207.499	194.506
604.189	185.417
1733.23	330.842
2839.38	548.98
3602.25	1021.61
38
2357.12	1553.55
2340.95	251.611
7
87.3407	76.0686
259.866	339.383
486.305	631.954
923.008	1114.7
1435.19	1546.24
2012.07	1941.21
2669.82	2350.81
7
87.3407	76.0686
119.689	514.926
238.3	1063.5
604.916	1670.58
928.4	2211.84
1392.06	2548.3
1855.72	2665.33
6
87.3407	76.0686
426.999	127.269
1073.97	215.04
1941.98	697.783
2540.43	1034.24
2917.83	1458.47
39
2547.47	1846.36
2479.69	245.394
6
15.492	35.4312
247.873	317.569
644.856	750.618
1201.6	1209.91
1792.23	1583.91
2518.42	1944.78
6
15.492	35.4312
112.317	481.603
233.349	1124.61
635.173	1682.33
1274.22	2187.55
1903.58	2423.76
6
15.492	35.4312
451.205	87.922
1041.84	146.974
1627.63	343.814
2160.17	639.075
2586.2	973.704
40
3487.35	2661.4
3579.26	364.069
6
139.179	198.583
618.427	928.667
1071.42	1619.81
1806.7	2213.61
2496.03	2661.4
3474.22	3148.12
6
139.179	198.583
145.744	977.339
296.74	2174.68
1084.55	3138.39
1721.35	3488.83
2371.29	3556.97
6
139.179	198.583
1189.59	81.7694
1576.92	169.379
2180.91	286.193
2889.93	928.667
3559.57	1687.95
41
2936.09	2579.87
2940.36	280.906
9
91.1325	93.163
253.336	259.652
417.673	440.31
633.232	631.596
957.639	914.981
1329	1247.96
1700.36	1580.94
2084.52	1949.34
2750.41	2622.38
10
91.1325	93.163
127.415	401.345
146.623	592.63
195.711	801.627
257.604	964.574
368.585	1219.62
549.997	1471.13
812.509	1782.85
1160.39	2037.9
1621.39	2413.38
10
91.1325	93.163
223.456	103.79
453.955	128.586
806.107	185.263
1124.11	263.194
1518.95	447.395
1807.07	610.342
2099.46	883.1
2400.39	1233.79
2697.05	1719.09
42
324.276	2304.71
321.636	320.172
5
54.2661	1027.99
96.5171	1319.06
136.788	1702.73
202.145	2192.25
266.181	2463.47
5
54.2661	1027.99
58.8873	1616.74
74.0713	2132.72
107.08	2437.01
157.253	2476.7
5
54.2661	1027.99
111.701	991.839
165.175	1140.45
243.075	1583.66
296.549	2093.03
43
3041.16	2394.33
1950.99	2377.67
10
79.265	81
170.298	181
296.855	324.333
452.277	477.667
680.969	747.667
942.966	1044.33
1260.47	1357.67
1635.7	1734.33
2035.36	2121
2392.83	2457.67
9
79.265	81
114.79	407.667
139.213	701
188.06	1041
267.991	1304.33
367.905	1547.67
538.869	1841
752.019	2067.67
1111.71	2381
10
79.265	81
387.888	117.667
692.071	167.667
956.287	224.333
1202.74	311
1473.62	434.333
1748.94	647.667
2088.65	1001
2488.3	1447.67
2770.28	1814.33
44
2941.53	2103.94
2947.9	740.303
10
109.748	103.939
177.676	179.697
260.465	255.455
394.2	385.758
581.004	540.303
825.123	731.212
1166.89	949.394
1551.11	1203.94
1926.84	1449.39
2918.18	2191.82
10
109.748	103.939
137.344	343.333
167.063	528.182
213.764	703.939
277.447	855.455
440.901	1103.94
744.458	1349.39
1086.22	1616.06
1417.38	1800.91
1926.84	2067.58
9
109.748	103.939
349.621	140.303
553.408	170.606
842.106	225.152
1092.59	291.818
1408.89	449.394
1718.81	643.333
2111.53	979.697
2576.41	1391.82
45
3243.91	2130.84
3279.28	299.868
10
114.835	103.693
202.081	203.337
298.759	318.552
430.807	452.449
558.139	589.461
801.014	798.092
1138.21	1062.77
1501.34	1380.39
1944.65	1750.94
2512.92	2208.69
9
114.835	103.693
154.921	520.955
192.649	813.661
256.315	1019.18
338.845	1234.04
480.325	1483.15
706.694	1638.84
1069.83	1884.84
1534.35	2140.18
10
114.835	103.693
284.611	122.376
527.485	153.515
763.286	203.337
1003.8	268.729
1263.18	362.146
1612.17	527.183
1869.19	707.789
2199.31	972.47
2748.72	1504.95
46
1631.81	2268.67
1637.72	287.161
9
82.3764	92.1557
133.197	202.239
189.927	328.049
252.566	460.149
337.66	604.831
480.667	790.4
649.674	1029.44
870.684	1290.49
1567.99	2240.36
10
82.3764	92.1557
114.287	563.943
135.561	752.657
175.744	979.115
232.474	1174.12
327.024	1410.01
442.847	1614.45
621.309	1787.44
873.048	2035.92
1095.24	2155.44
12
82.3764	92.1557
205.291	123.608
306.932	148.77
396.754	164.496
488.94	211.675
603.581	265.144
717.041	331.194
865.956	475.876
988.871	611.121
1118.88	774.674
1280.79	1045.17
1401.34	1215.01
47
2300.04	2500.53
2287.95	157.673
6
84.9739	79.0073
172.669	181.614
414.588	465.493
789.562	899.862
1300.62	1443.68
2070.22	2404.76
11
84.9739	79.0073
115.214	379.987
148.478	646.765
216.517	903.283
289.093	1108.5
408.54	1344.49
562.763	1563.39
742.69	1717.3
916.569	1864.37
1164.54	2100.36
1509.27	2312.42
14
84.9739	79.0073
189.301	92.6882
313.285	99.5287
465.996	130.311
562.763	157.673
659.531	178.194
785.026	250.019
939.249	328.684
1064.74	414.19
1235.6	557.839
1380.75	691.228
1595.45	947.746
1849.47	1334.23
1959.84	1542.87
48
2116.01	1881.62
1240.88	1865.33
11
91.045	94.5156
279.414	273.769
436.388	404.136
581.589	534.502
766.034	735.484
950.479	920.169
1119.23	1132.01
1276.2	1365.59
1441.02	1582.87
1562.68	1767.55
1688.26	1952.24
9
91.045	94.5156
87.1207	311.793
122.44	556.23
157.759	838.69
267.641	1121.15
369.674	1349.29
581.589	1615.46
742.488	1805.57
1044.66	1963.1
10
91.045	94.5156
244.095	72.7879
456.01	94.5156
644.379	132.539
879.84	224.882
1178.09	382.408
1539.13	789.803
1743.2	1148.31
1888.4	1474.23
2033.6	1849.03
49
2100.31	1814.59
1127.07	1809.21
11
47.8771	93.5798
212.7	222.655
334.355	340.975
522.724	491.563
722.866	674.42
942.63	878.79
1233.03	1158.45
1444.95	1368.2
1621.54	1588.71
1758.9	1744.67
1900.17	1884.5
10
47.8771	93.5798
51.8015	260.303
55.7258	410.891
122.44	781.983
208.776	1093.92
330.431	1389.71
491.329	1620.97
738.564	1809.21
1005.42	1938.29
1201.64	2024.34
10
47.8771	93.5798
228.397	88.2017
499.178	115.092
977.949	201.143
1272.28	351.731
1531.28	513.076
1774.59	808.874
1962.96	1088.54
2072.84	1352.07
2151.33	1750.05
50
2019.96	2841.48
990.009	2876.94
7
82.9518	79.9697
299.475	300.576
564.277	611.788
811.523	1037.24
1063.16	1478.45
1428.91	2112.7
1866.34	2912.39
11
82.9518	79.9697
109.286	253.303
148.787	525.121
194.139	781.182
278.993	1100.27
381.403	1368.15
485.275	1604.52
597.926	1840.88
772.022	2152.09
946.119	2451.48
1187.51	2762.7
12
82.9518	79.9697
575.981	217.848
710.577	265.121
826.153	336.03
930.026	395.121
1051.45	466.03
1152.4	556.636
1313.33	773.303
1475.72	1123.91
1662.99	1565.12
1819.53	2022.09
1886.82	2325.42
51
1001.08	2066.28
91.3381	2071.78
7
69.5043	57.2437
111.352	1229.64
145.923	1543.38
224.16	1741.53
338.788	1868.13
551.668	1950.69
959.232	1994.72
8
69.5043	57.2437
85.8796	1620.44
104.074	1807.58
131.367	1961.7
160.479	2022.24
202.327	2038.76
262.37	2049.76
962.871	2049.76
9
69.5043	57.2437
114.991	277.412
160.479	563.63
196.868	778.294
253.272	987.454
344.246	1158.08
442.499	1284.68
651.739	1411.28
951.954	1559.89
52
2222.94	2925.95
2189.59	1350.32
9
113.398	121.324
230.132	223.739
376.049	373.424
521.966	491.597
759.602	704.307
1034.76	995.798
1368.28	1389.71
1718.48	1799.37
2247.95	2445.38
10
113.398	121.324
134.244	294.643
184.272	570.378
267.653	901.26
371.88	1224.26
501.12	1500
759.602	1823
1168.17	2279.94
1476.68	2579.31
1851.89	2847.16
10
113.398	121.324
246.808	137.08
405.232	160.714
634.53	207.983
943.04	271.008
1205.69	365.546
1455.83	475.84
1726.82	704.307
1956.12	980.042
2218.77	1515.76
53
2143.48	2235.59
1217.34	2216.23
10
51.8015	80.0269
240.171	247.825
463.859	441.439
711.093	680.229
938.706	893.203
1162.39	1138.45
1401.78	1390.14
1641.17	1609.57
1880.55	1841.91
2147.41	2216.23
10
51.8015	80.0269
55.7258	293.002
126.364	576.968
204.851	964.195
350.052	1209.44
534.497	1474.04
746.412	1706.38
1115.3	1977.44
1495.96	2261.41
1762.82	2377.57
8
51.8015	80.0269
255.868	92.9344
581.589	151.018
899.462	222.01
1193.79	318.817
1511.66	518.884
1833.46	912.565
2045.37	1215.89
54
3098.65	2024.8
3098.65	342.352
10
107.74	107.864
259.249	248.557
466.874	424.422
708.166	612.012
1067.3	852.362
1443.27	1151.33
1740.68	1385.82
2038.08	1573.41
2487	1878.24
2840.52	2142.04
9
107.74	107.864
85.2942	307.178
135.797	594.426
264.861	910.984
438.816	1239.27
764.281	1479.62
1230.03	1749.28
1650.89	1942.73
2172.76	2171.35
8
107.74	107.864
365.867	119.589
674.498	166.486
1033.63	254.419
1465.71	383.387
1920.24	606.15
2357.94	928.57
2767.57	1315.47
55
2251.86	2084.1
2255.97	364.273
8
91.1917	78.6931
296.579	294.465
501.965	497.544
740.214	745.046
1052.4	1062.36
1364.59	1411.4
1606.95	1658.9
2091.66	2274.48
8
91.1917	78.6931
103.515	383.312
156.916	732.354
267.824	1100.43
436.242	1411.4
797.722	1811.21
1064.73	1982.56
1627.49	2312.56
8
91.1917	78.6931
251.393	85.0393
543.043	129.463
805.938	192.925
1175.63	396.004
1442.64	630.814
1836.98	1043.32
2067.01	1411.4
56
2165.41	2723.94
2144.06	880.45
7
90.51	113.559
248.476	283.16
517.444	526.5
978.533	983.685
1495.12	1448.24
2050.14	2023.41
2272.14	2266.75
9
90.51	113.559
103.318	342.151
150.281	710.849
244.206	1079.55
355.209	1499.86
607.1	1846.44
1055.38	2237.26
1525.01	2569.08
1862.29	2760.81
8
90.51	113.559
316.785	135.681
615.639	194.672
944.378	268.412
1362.77	423.265
1772.63	666.605
2216.64	1123.79
2331.91	1418.75
57
2312.18	2153.91
1354.75	2141.21
8
85.1988	104.078
245.474	237.349
561.806	503.89
869.703	821.201
1266.17	1240.05
1472.84	1436.78
1822.92	1830.25
2109.73	2217.37
8
85.1988	104.078
85.1988	364.273
114.723	713.315
207.514	1132.17
367.789	1531.98
633.508	1817.56
932.97	2115.83
1084.81	2198.33
8
85.1988	104.078
342.483	97.7317
734.735	135.809
1029.98	186.579
1401.14	300.811
1759.65	630.814
2092.86	1056.01
2291.09	1525.63
58
2174.38	2891.81
2148.19	1373.88
9
92.5267	134.755
472.236	483.259
760.291	800.785
982.879	1064.1
1148.73	1257.71
1393.14	1559.75
1637.55	1892.77
1833.95	2140.59
2213.66	2613.01
10
92.5267	134.755
88.1623	405.814
162.358	793.041
262.741	1195.76
463.507	1536.52
659.908	1823.06
860.673	2078.63
1078.9	2326.46
1393.14	2636.24
1633.18	2829.85
10
92.5267	134.755
288.928	134.755
576.983	165.733
878.131	212.2
1057.07	235.434
1301.48	382.58
1558.99	568.449
1868.87	909.209
2091.45	1288.69
2274.76	1706.9
59
2316.78	2021.6
1285.54	1998.91
10
118.465	82.6646
195.459	181.411
286.452	282.978
398.442	415.58
543.68	598.966
706.417	779.53
963.646	1092.7
1185.88	1346.61
1402.86	1606.18
1747.58	2043.48
10
118.465	82.6646
125.465	257.586
153.462	488.934
188.46	731.567
249.705	982.665
351.196	1253.51
496.434	1518.71
715.166	1778.28
940.898	1972.95
1072.14	2054.76
12
118.465	82.6646
244.455	99.5925
382.694	124.984
552.43	158.84
776.411	232.194
958.396	314.013
1115.88	426.865
1311.87	615.893
1544.6	866.991
1775.58	1191.44
1961.06	1487.68
2241.04	2015.27
60
2288.48	2117.34
2265.74	907.95
9
114.606	123.977
255.589	257.678
410.216	397.456
683.087	604.085
1083.3	841.1
1392.55	1005.19
1792.76	1260.43
2120.21	1491.37
2352.15	1582.53
9
114.606	123.977
123.702	354.915
205.563	737.786
401.12	1047.73
614.869	1266.51
996.889	1503.53
1365.26	1691.92
1933.75	1904.63
2320.31	2074.79
8
114.606	123.977
460.243	111.823
774.044	142.209
1106.04	166.518
1474.41	281.987
1860.98	458.229
2256.64	737.786
2370.34	877.564
61
2848.39	2199.38
1544.68	2205.46
9
99.3408	76.931
180.563	171.194
307.602	320.191
438.807	472.229
615.83	675.959
896.983	958.749
1326	1341.88
1811.25	1834.49
2165.3	2205.46
11
99.3408	76.931
113.919	259.376
140.993	493.514
176.398	727.652
226.38	916.179
295.107	1141.19
395.072	1351.01
545.021	1612.51
765.778	1837.53
1061.51	2056.46
1328.08	2226.74
13
99.3408	76.931
207.637	83.0125
282.611	92.1348
405.485	101.257
572.095	122.542
717.878	149.909
865.744	189.439
1042.77	238.091
1248.94	323.232
1396.81	405.332
1613.4	557.37
1969.53	891.853
2440.2	1436.15
62
3257.16	2089.28
3251.21	289.592
9
137.844	119.589
244.792	242.694
529.986	582.701
892.42	858.224
1237.03	1086.85
1866.83	1444.44
2306.51	1696.52
2722.42	1948.59
3067.03	2147.9
9
137.844	119.589
149.727	389.249
215.084	758.567
333.915	1116.16
512.161	1473.75
803.297	1725.83
1213.26	1948.59
1658.88	2118.59
1979.72	2206.53
8
137.844	119.589
452.746	125.451
957.777	201.659
1367.74	295.454
1884.66	465.457
2342.16	717.531
2882.84	1174.78
3239.33	1561.69
63
1409.2	2020.14
1407.17	218.759
8
86.012	75.3103
128.663	171.862
172.329	262.897
263.723	461.517
349.024	649.103
551.107	1029.79
864.893	1523.59
1260.93	2072.55
10
86.012	75.3103
95.1515	312.552
112.415	555.31
145.926	803.586
199.747	1109.79
258.645	1319.45
382.535	1548.41
496.27	1708.41
676.012	1873.93
961.365	2031.17
11
86.012	75.3103
148.972	83.5862
230.212	113.931
315.513	144.276
430.263	196.69
549.076	265.655
706.477	389.793
855.754	555.31
1028.39	831.172
1223.36	1176
1362.48	1567.72
64
528.344	2010.21
285.937	1986.09
7
187.943	98.8823
225.077	231.529
271.496	400.353
319.977	744.029
358.143	1123.88
406.625	1600.21
448.917	2166.97
6
187.943	98.8823
190.006	689.765
223.014	1148
258.086	1612.26
297.284	1949.91
327.198	2058.44
8
187.943	98.8823
258.086	110.941
337.513	171.235
379.805	321.971
411.782	593.294
452.011	949.029
483.989	1449.47
515.966	1980.06
65
2039.58	1778.3
965.92	1767.76
7
116.718	75.8965
240.171	218.202
711.533	629.308
1003.33	956.085
1340.02	1240.7
1654.26	1514.77
1889.94	1910.06
8
116.718	75.8965
120.459	360.508
142.905	697.826
202.761	987.708
277.58	1267.05
378.587	1509.5
584.34	1762.48
782.612	1894.25
8
116.718	75.8965
408.514	75.8965
805.058	123.332
1167.93	223.473
1437.28	360.508
1740.3	602.955
1972.24	935.002
2047.06	1351.38
66
2067.89	1965.08
1077.31	1937.91
7
139.342	98.6207
188.947	177.409
382.854	459.958
557.22	701.755
767.661	973.438
1062.28	1332.06
1589.89	1989.53
10
139.342	98.6207
148.361	302.382
167.902	522.445
193.456	783.26
244.563	1046.79
310.702	1280.44
394.879	1481.48
492.584	1655.36
626.365	1821.09
764.655	1986.81
13
139.342	98.6207
283.645	120.355
406.904	123.072
543.691	139.373
715.051	166.541
853.341	201.86
991.632	245.329
1169	332.267
1331.34	419.206
1528.26	584.932
1725.17	916.385
1892.02	1318.47
1995.74	1984.1
67
1803.49	2089.88
1274.02	2058.62
11
87.6322	77.5925
142.813	171.386
216.387	270.863
322.807	415.816
412.147	535.189
588.2	745.513
722.211	921.73
849.652	1089.42
1021.76	1299.75
1235.92	1586.81
1636.63	2109.78
13
87.6322	77.5925
91.5737	211.177
102.084	361.814
112.595	486.871
132.302	640.351
152.01	785.304
213.76	1049.63
289.962	1257.11
389.812	1439.01
506.743	1643.65
669.657	1825.55
791.843	1933.56
973.151	2101.25
14
87.6322	77.5925
283.392	123.068
433.169	148.648
610.535	205.492
722.211	245.283
818.12	296.443
942.933	387.394
1074.32	484.029
1182.05	589.191
1359.42	790.989
1488.17	1012.68
1607.73	1265.64
1704.95	1487.33
1796.92	1700.5
68
2341.34	2151.35
2351.53	331.494
10
182.898	123.762
225.354	211.536
279.697	308.088
378.194	483.636
456.312	591.891
666.892	834.734
945.4	1112.69
1266.36	1390.64
1782.62	1838.29
2079.81	2122.09
13
182.898	123.762
184.597	293.459
186.295	451.452
201.579	615.298
230.449	805.475
264.413	966.395
322.153	1150.72
400.271	1332.12
514.052	1498.89
709.347	1677.37
916.53	1814.88
1147.49	1943.62
1575.44	2072.35
13
182.898	123.762
261.017	129.613
371.401	161.797
510.655	196.907
639.72	234.943
767.087	287.607
919.927	363.678
1093.15	483.636
1276.55	627.001
1516	817.179
1694.32	1036.61
1874.33	1308.71
2117.17	1694.92
69
2293.33	2037.53
2284.96	216.857
8
109.605	100.891
230.923	257.445
381.524	437.193
632.527	680.723
929.547	941.647
1234.93	1260.55
1586.34	1585.26
2067.43	2112.91
7
109.605	100.891
126.338	356.017
151.438	669.126
251.84	1011.23
523.759	1451.9
1063.42	1875.18
1506.85	2165.09
9
109.605	100.891
268.573	106.689
536.309	141.479
812.413	211.059
1151.27	332.824
1444.1	529.966
1795.51	854.672
2213.85	1457.7
2293.33	1718.62
70
2103.42	2071.7
2122.67	254.419
8
135.555	125.451
366.615	395.111
574.57	641.323
890.352	940.294
1171.48	1168.92
1514.21	1462.03
1795.34	1755.14
2068.76	2042.39
8
135.555	125.451
139.406	359.938
166.363	699.945
274.191	1104.44
493.699	1315.47
763.269	1573.41
1229.24	1966.18
1660.55	2206.53
8
135.555	125.451
320.403	137.175
693.951	219.246
998.18	365.8
1294.71	600.288
1568.13	875.81
1849.25	1233.4
2041.8	1585.13
71
2635.28	2107.46
2625.78	270.052
9
128.564	65.2455
191.232	161.797
320.365	337.346
468.489	530.449
726.757	770.366
1038.2	1039.54
1380.02	1320.42
1792.11	1718.33
2208	2133.79
14
128.564	65.2455
139.958	252.497
153.251	439.749
191.232	682.591
234.909	875.695
286.183	1036.61
331.76	1153.65
400.124	1256.05
508.369	1390.64
717.262	1531.08
891.972	1683.22
1119.85	1817.81
1492.06	1940.69
1782.61	2037.24
12
128.564	65.2455
233.01	88.652
352.649	109.133
512.167	153.02
681.18	196.907
871.083	261.275
1095.17	398.788
1247.09	515.82
1448.39	673.814
1651.58	872.769
1888.96	1133.17
2230.78	1478.41
72
1052.31	2223.46
1061.12	301.951
7
53.2539	71.1207
255.707	220.848
433.953	395.531
594.595	607.645
757.437	838.475
940.085	1056.83
1089.72	1337.57
8
53.2539	71.1207
53.2539	239.564
106.068	570.213
174.285	944.532
312.921	1293.9
491.168	1530.97
647.409	1755.56
1045.71	2229.7
6
53.2539	71.1207
218.297	71.1207
451.558	96.0753
682.618	139.746
882.87	227.087
1069.92	395.531
73
1627.95	2074.41
667.764	2049.67
6
106.618	51.9529
193.907	169.466
452.658	620.961
636.589	1066.27
832.99	1641.47
1044.98	2210.47
6
106.618	51.9529
109.735	472.524
144.027	855.987
225.082	1295.11
368.486	1802.27
552.417	2167.18
7
106.618	51.9529
343.546	76.6924
624.119	169.466
829.873	404.491
1126.03	930.205
1272.55	1344.59
1512.6	2142.44
74
2299.53	2173.53
2312.18	209.425
9
161.119	97.0218
291.869	262.669
426.838	487.476
599.766	688.618
878.139	1002.16
1110.12	1238.8
1342.09	1457.69
1654.21	1765.32
1945.23	2096.62
9
161.119	97.0218
156.901	333.66
220.167	765.526
321.394	1102.74
549.153	1481.36
793.783	1676.58
1076.37	1930.97
1346.31	2096.62
1574.07	2226.77
10
161.119	97.0218
312.958	108.854
540.717	150.266
781.13	233.089
1072.16	410.568
1304.13	588.047
1552.98	830.602
1768.09	1090.9
1941.02	1505.02
2223.61	1948.72
75
2562.77	2040.85
2525.5	425.788
8
140.668	81.3176
271.089	290.259
531.93	623.435
802.087	911.435
1095.53	1137.32
1486.8	1487.44
1878.06	1814.96
2069.03	2018.26
9
140.668	81.3176
145.326	380.612
168.615	742.024
266.431	1126.02
336.299	1346.26
545.903	1572.14
918.534	1769.79
1258.56	1950.49
1621.87	2108.61
8
140.668	81.3176
438.772	103.906
746.192	115.2
1100.19	233.788
1454.19	465.318
1817.5	838.024
2166.85	1289.79
2478.92	1814.96
76
2314.25	2114.51
1391.37	2102.85
13
182.726	108.743
219.708	172.881
271.819	251.596
347.465	365.295
428.153	516.893
503.799	618.931
648.365	814.26
840.001	1027.08
1085.43	1306.96
1340.94	1548.93
1596.45	1726.77
1840.2	1971.66
2052.01	2158.24
13
182.726	108.743
182.726	216.611
189.45	309.903
199.536	446.925
211.303	621.846
234.837	843.414
268.457	1047.49
334.017	1286.55
370.999	1461.47
475.221	1688.87
616.426	1857.96
848.406	2067.87
1055.17	2149.5
14
182.726	108.743
261.733	117.489
344.103	129.15
451.687	158.304
555.91	178.712
708.882	219.527
876.983	280.749
1029.95	336.141
1206.46	438.179
1367.84	543.132
1569.56	709.307
1831.8	983.351
2082.27	1344.86
2238.6	1668.46
77
3288.66	1811.2
3318.74	1082.45
13
254.979	79.4765
290.08	191.201
322.673	274.994
355.266	353.708
415.438	437.502
490.653	518.755
570.883	615.245
718.806	711.734
939.437	810.762
1345.6	978.348
1801.9	1145.93
2330.92	1338.91
3311.22	1803.58
14
254.979	79.4765
257.486	409.571
262.501	506.06
277.544	610.166
302.616	706.655
345.238	820.918
395.381	963.113
498.175	1110.39
666.155	1222.11
874.251	1331.29
1200.18	1440.48
1438.36	1519.19
1801.9	1610.61
2441.23	1768.03
10
254.979	79.4765
350.252	109.947
515.725	163.27
831.629	287.69
1087.36	363.865
1395.74	457.815
1839.51	640.636
2235.64	759.978
2681.92	889.476
3256.06	1095.15
78
2826.59	2547.95
2837.15	311.718
5
111.965	138.541
471.099	590.306
1089.02	1222.78
1828.41	1802.54
2858.28	2457.6
5
111.965	138.541
196.467	914.071
302.095	1539.01
835.514	2209.13
1691.1	2721.13
5
111.965	138.541
576.726	123.482
1178.8	356.894
2472.74	989.365
2879.41	1772.42
79
1182.85	2062.13
1181.14	356.168
8
87.7929	65.4786
121.987	141.821
154.471	206.419
216.02	303.316
297.231	456.001
396.393	670.348
506.668	896.44
1090.53	2170.78
10
87.7929	65.4786
87.7929	182.929
103.18	323.869
125.406	585.196
146.777	729.073
191.229	958.101
241.666	1172.45
332.279	1474.88
479.313	1762.64
629.766	2026.9
11
87.7929	65.4786
168.149	88.9686
262.182	106.586
387.845	133.013
490.426	177.056
563.943	224.037
644.299	297.443
714.396	364.977
797.317	511.79
855.446	649.794
951.189	925.803
80
2311.01	1689.21
2315.27	214.739
3
115.721	115.781
1328.24	956.924
2242.94	1664.47
5
115.721	115.781
230.591	585.831
456.076	1248.85
928.319	1600.15
1574.99	1817.86
5
115.721	115.781
949.591	91.0413
1587.76	155.364
2068.51	541.3
2340.79	1085.57
81
2327.63	2136.18
2314.21	993.054
7
76.9614	84.4154
251.467	283.73
564.682	641.323
891.32	893.397
1379.04	1309.61
1924.93	1667.21
2421.6	2042.39
8
76.9614	84.4154
63.5379	336.489
117.232	746.842
220.145	1192.37
452.819	1561.69
864.473	1843.07
1302.97	2071.7
1544.6	2183.08
7
76.9614	84.4154
425.972	96.1398
851.05	148.899
1204.54	242.694
1629.61	412.698
1996.52	682.358
2430.55	1180.64
82
1999.04	2033.68
1983.49	577.764
7
78.5311	82.8665
269.027	295.788
537.277	577.764
937.708	807.949
1423.67	1118.7
1808.55	1389.17
2034.03	1556.05
8
78.5311	82.8665
86.3065	376.352
175.723	784.93
327.343	1107.19
638.357	1417.94
1015.46	1642.37
1462.54	1866.8
1991.27	2079.72
7
78.5311	82.8665
385.658	82.8665
747.212	128.904
1097.1	203.714
1446.99	278.524
1812.44	456.917
2022.37	618.046
83
2693.59	2274.48
2709.21	1062.36
7
115.618	85.0393
318.731	345.234
605.172	681.584
1063.48	1017.93
1620.74	1430.44
2266.53	1874.67
2802.96	2242.75
7
115.618	85.0393
136.45	440.428
266.651	1017.93
563.508	1468.51
995.774	1798.52
1636.36	2128.52
2151.96	2376.02
7
115.618	85.0393
365.603	78.6931
704.125	129.463
1240.55	262.733
1787.39	484.851
2308.2	776.777
2823.79	1366.98
84
2366.25	2082.56
963.895	2056.96
7
129.584	117.76
311.535	328.96
533.426	565.76
835.198	904.96
1154.72	1340.16
1474.24	1756.16
1793.77	2172.16
7
129.584	117.76
120.709	335.36
173.963	732.16
267.157	1160.96
542.302	1800.96
1034.9	2165.76
1381.05	2351.36
8
129.584	117.76
386.978	130.56
715.377	194.56
1136.97	386.56
1527.5	776.96
1878.09	1212.16
2108.85	1583.36
2312.99	2037.76
85
2923.22	2105.33
2944.78	305.533
8
76.5579	70.5075
216.734	237.499
475.522	522.003
912.226	880.726
1311.19	1177.6
1839.55	1542.51
2437.99	2018.74
2772.26	2290.88
8
76.5579	70.5075
65.7751	293.163
130.472	571.482
243.691	917.835
416.216	1220.89
712.744	1585.8
1262.67	1839.38
2017.46	2210.47
8
76.5579	70.5075
292.214	76.6924
675.004	163.281
1057.79	293.163
1456.76	416.86
2017.46	886.911
2454.17	1307.48
2799.22	1684.76
86
3507.04	2282.7
3474.4	394.971
5
73.1177	60.9882
412.593	351.408
1039.32	852.383
2645.29	1622
3539.68	2152.01
5
73.1177	60.9882
210.213	903.207
549.688	1636.52
1496.3	2326.27
2455.97	2718.33
5
73.1177	60.9882
791.238	133.593
2279.71	278.803
3206.73	801.56
3552.74	1367.88
87
4212.25	3372.01
4079.44	558.758
4
149.991	179.114
790.578	909.198
2415.48	1795.03
4243.5	2953.43
4
149.991	179.114
329.668	1483.53
1149.93	2651.67
3501.35	3615.38
4
149.991	179.114
1134.31	159.645
3571.66	432.21
4329.43	1113.62
88
2477.95	2147.72
2463.2	762.095
8
123.848	87.5133
310.604	263.755
571.078	494.693
915.101	774.249
1224.72	1017.34
1529.43	1157.12
1898.02	1394.14
2536.92	1807.39
8
123.848	87.5133
128.763	348.838
207.397	853.254
320.433	1205.74
610.395	1497.45
1072.37	1892.47
1514.68	1983.63
2251.88	2123.41
7
123.848	87.5133
453.127	111.823
924.93	166.518
1293.53	239.446
1686.7	342.76
2129.01	494.693
2605.73	822.868
89
2653	2127.57
2638.13	439.21
8
100.132	73.2017
248.842	244.399
476.865	480.534
769.33	752.088
1101.45	1082.68
1473.23	1413.26
1914.4	1879.63
2132.51	2098.05
8
100.132	73.2017
105.089	297.529
144.745	651.731
233.971	964.609
407.467	1277.49
675.146	1584.46
1131.19	1897.34
1686.38	2151.18
9
100.132	73.2017
407.467	85.0084
769.33	138.139
1056.84	256.206
1388.96	415.597
1661.59	628.118
2008.58	994.126
2271.31	1366.04
2529.07	1832.4
90
1962.43	1968.52
1558.14	1960.27
9
96.7143	77.7732
221	223.426
325.286	347.094
505.286	536.718
643.857	729.09
835.286	970.929
1045.29	1289.72
1328.14	1611.25
1659.57	2053.71
11
96.7143	77.7732
106.714	330.605
125.286	550.459
159.571	839.017
231	1111.09
305.286	1319.95
428.143	1515.07
595.286	1688.2
811	1833.85
1011	1905.31
1181	1987.75
12
96.7143	77.7732
213.857	94.2623
356.714	116.248
518.143	143.729
668.143	184.952
842.429	245.412
976.714	358.087
1098.14	454.273
1289.57	654.889
1472.43	968.181
1616.71	1248.49
1902.43	1880.57
91
1802	2217.13
1813.01	1197.48
10
69.8107	84.8704
173.081	174.839
273.597	267.807
401.652	384.766
605.439	567.702
835.387	786.626
1095.63	1050.53
1287.02	1266.46
1570.67	1578.35
1854.32	1914.23
13
69.8107	84.8704
73.9415	225.821
97.3494	381.767
137.281	606.689
185.473	822.613
254.32	984.557
354.836	1158.5
492.53	1317.44
677.04	1512.37
876.695	1662.32
1139.69	1839.26
1437.11	2052.18
1697.35	2184.14
12
69.8107	84.8704
184.096	81.8715
347.952	93.8673
513.184	117.859
646.747	138.852
769.294	153.846
918.003	201.83
1088.74	303.794
1247.09	390.764
1408.19	543.711
1629.88	855.602
1786.85	1185.49
92
1876.16	2716.64
1886.51	459.004
9
114.459	100.173
255.809	264.637
428.187	488.906
631.594	802.883
810.867	1109.38
1021.17	1430.84
1241.81	1767.24
1452.11	2155.97
1717.58	2686.74
8
114.459	100.173
124.802	376.772
166.173	795.407
266.152	1311.23
428.187	1602.78
679.86	1961.61
931.532	2260.63
1272.84	2567.13
8
114.459	100.173
273.047	100.173
497.139	130.076
772.944	227.259
1014.27	429.101
1255.6	743.078
1469.35	1251.42
1707.23	2006.46
93
1968.06	2428.69
1964.5	795.558
9
75.421	97.5812
196.379	219.558
399.162	443.181
662.424	693.911
854.534	937.864
1110.68	1215.7
1356.15	1527.42
1679.9	1947.56
1914.7	2157.63
7
75.421	97.5812
82.5361	477.064
143.015	890.428
288.877	1446.1
594.83	1859.46
961.262	2177.96
1317.02	2442.24
7
75.421	97.5812
299.549	111.134
580.599	124.687
922.128	239.887
1192.51	388.969
1498.46	761.675
1889.79	1649.39
94
2157.58	2051.46
1419.06	2026.35
10
133.246	101.276
178.334	171.025
232.752	249.144
310.492	357.953
464.416	567.201
610.566	756.918
797.141	963.376
1027.25	1186.57
1339.76	1546.48
1792.21	2079.36
12
133.246	101.276
134.8	288.204
147.239	424.912
167.451	656.48
206.321	848.987
259.184	1052.66
338.478	1250.74
462.861	1446.04
654.1	1683.19
890.429	1867.33
1122.09	2020.77
1328.88	2110.05
12
133.246	101.276
228.088	109.646
366.464	134.755
507.95	168.235
652.546	210.085
809.579	254.724
972.832	335.633
1134.53	433.282
1324.22	628.58
1521.67	879.677
1689.59	1116.82
1988.11	1574.38
95
1769.84	211.125
1782.9	57.5247
4
65.9365	58.2776
480.488	85.3835
1139.85	105.713
1805.75	150.889
5
65.9365	58.2776
98.5783	111.736
467.431	141.854
1087.63	170.466
1782.9	188.536
5
65.9365	58.2776
487.016	56.7718
1149.65	69.5718
1603.37	77.8541
1812.27	110.984
