96
0
3809.13	2499.24
1721.05	2570.77
7
124.274	160.226
406.057	360.508
760.093	653.779
1309.21	1161.64
1923.35	1783.94
2494.14	2377.64
2703.68	2606.53
8
124.274	160.226
160.4	467.802
210.976	854.061
333.805	1283.24
442.183	1698.11
630.039	2105.83
926.273	2384.79
1265.86	2592.23
10
124.274	160.226
355.481	145.92
810.669	210.296
1316.43	310.438
1749.95	482.108
2103.98	682.391
2486.92	982.814
2855.4	1526.44
3267.24	2134.44
3520.12	2599.38
1
4076.6	1929.16
2219.5	1900.66
8
61.6527	104.895
249.618	281.622
482.696	498.253
896.22	743.39
1377.41	1051.23
1873.64	1307.77
2227.02	1518.7
2933.77	1991.87
8
61.6527	104.895
61.6527	407.04
166.913	794.697
354.879	1131.05
565.401	1404.69
888.701	1615.62
1302.23	1843.65
1670.64	1963.37
11
61.6527	104.895
422.547	139.1
911.257	173.306
1460.12	275.921
1956.35	446.946
2384.91	692.082
2888.66	925.816
3422.48	1216.56
3843.52	1490.2
4084.12	1712.53
4106.67	1974.77
2
2212.63	1825.34
983.392	1857.61
7
113.726	158.118
406.402	405.513
715.802	803.496
933.219	1126.18
1146.45	1443.5
1334.6	1723.16
1468.4	1922.15
5
113.726	158.118
272.607	1136.94
356.229	1395.09
519.291	1664
632.181	1889.88
10
113.726	158.118
301.875	141.983
561.102	174.252
853.778	244.168
1146.45	432.403
1397.32	722.824
1598.01	1034.76
1777.8	1362.82
1945.04	1583.33
2129.01	1884.5
3
4024.35	2419.05
1549.88	2405.28
7
142.245	112.898
327.46	340.071
586.761	581.012
1275.76	1214.34
2001.8	1909.63
2468.54	2322.67
2631.53	2494.77
8
142.245	112.898
149.654	587.896
171.879	1035.36
305.234	1455.28
431.18	1827.02
623.804	2129.92
816.427	2315.79
1023.87	2467.24
11
142.245	112.898
571.944	92.246
1223.9	229.927
1586.92	291.883
2083.3	512.172
2631.53	794.417
3024.19	1111.08
3394.62	1386.44
3720.6	1799.49
3868.77	2040.43
4046.58	2425.93
4
3902.81	3016.73
3917.7	1960.36
10
150.394	219.934
396.088	393.111
671.564	583.605
1073.61	791.416
1572.44	1033.86
2011.71	1302.29
2488.21	1518.76
3061.5	1969.02
3694.34	2453.91
4029.38	2661.72
10
150.394	219.934
142.949	505.675
247.183	973.252
448.205	1362.9
783.243	1648.64
1408.65	2142.19
1989.38	2436.59
2547.77	2756.97
3195.51	2921.49
3895.37	3086
9
150.394	219.934
634.337	211.275
1229.96	289.205
1736.24	349.816
2257.41	522.993
2778.58	713.487
3366.75	964.593
3776.24	1336.92
3954.93	1492.78
5
3800.6	2430.32
3779.91	101.045
8
146.177	133.851
346.135	363.498
559.884	540.655
1035.65	934.335
1552.78	1380.51
2111.29	1747.94
2504.31	2062.89
2862.86	2384.39
10
146.177	133.851
118.596	415.989
249.604	849.038
408.192	1190.23
739.158	1498.61
1028.75	1702.01
1476.94	1944.78
1869.96	2121.94
2359.51	2390.95
2518.1	2436.88
10
146.177	133.851
373.716	153.535
794.319	232.272
1118.39	350.376
1497.62	488.164
1787.22	685.004
2180.24	1039.32
2656	1406.75
3097.29	1859.49
3614.43	2266.29
6
4103.83	2732.98
4059.16	1709.25
9
157.84	154.697
343.972	374.61
522.658	564.19
842.805	875.1
1192.73	1125.35
1721.35	1496.92
2115.95	1860.92
2562.66	2209.74
3158.28	2801.23
9
157.84	154.697
142.949	458.025
247.183	920.6
463.096	1421.09
716.235	1739.58
1081.05	2088.41
1646.89	2414.49
2041.49	2611.65
2652.01	2854.31
10
157.84	154.697
388.643	139.531
991.71	298.778
1393.75	435.275
1818.14	647.605
2272.3	988.848
2696.68	1314.93
3106.17	1610.67
3672.01	2080.83
4066.61	2588.9
7
4172.04	3556.17
4134.26	1322.73
9
122.396	148.254
333.944	360.046
628.601	629.599
1044.14	1005.05
1603.23	1390.12
2373.88	1938.86
2781.86	2285.42
3439.17	2853.41
4043.6	3373.26
12
122.396	148.254
114.841	437.061
145.062	764.375
303.723	1168.7
454.829	1573.03
704.154	1890.72
1013.92	2189.15
1429.46	2583.86
1920.56	2882.29
2449.43	3151.84
2910.3	3373.26
3295.62	3575.43
12
122.396	148.254
349.055	167.508
719.265	225.269
1097.03	273.404
1323.69	331.165
1739.23	446.688
2184.99	648.852
2623.2	870.271
3031.19	1226.47
3544.95	1553.78
3930.27	1929.23
4149.37	2237.29
8
4169.51	2921.67
4169.51	1155.92
11
115.398	125.892
403.893	395.66
669.612	649.078
1056.8	910.672
1390.85	1196.79
1778.04	1482.91
2256.34	1818.07
2696.67	2120.54
3167.37	2406.66
3729.18	2839.92
4002.49	3027.94
11
115.398	125.892
100.214	305.737
198.91	706.302
365.933	1188.61
578.509	1491.08
768.308	1769.02
1178.27	2055.14
1633.79	2349.43
2157.64	2635.55
2818.14	2938.02
3205.33	3052.47
12
115.398	125.892
252.054	125.892
578.509	142.241
897.372	199.465
1292.15	289.388
1648.98	379.31
2005.8	510.107
2423.36	706.302
2947.21	1049.64
3395.13	1384.81
3729.18	1728.15
4146.74	2169.59
9
3945.38	2296.77
1769.45	2303.44
9
92.1746	76.0255
243.281	249.417
394.387	429.478
643.712	689.565
945.924	1029.68
1316.13	1389.8
1709.01	1729.91
2169.88	2110.04
2434.32	2343.45
8
92.1746	76.0255
84.6193	242.748
77.064	596.2
167.728	1029.68
296.168	1429.81
454.829	1803.27
666.378	2063.36
968.59	2396.81
10
92.1746	76.0255
333.944	62.6877
704.154	122.708
1187.69	242.748
1641.01	442.815
1981	676.227
2487.21	1083.03
2970.74	1423.14
3386.29	1829.95
3907.6	2356.79
10
4078.15	3018.09
4063.4	649.336
12
97.3093	110.984
347.955	326.325
554.368	500.254
893.477	748.725
1306.3	1080.02
1579.07	1311.92
1888.69	1576.96
2279.4	1933.1
2729.08	2256.11
3031.33	2546
3377.81	2811.03
3739.04	3125.76
10
97.3093	110.984
97.3093	400.866
193.144	872.96
414.302	1345.05
687.063	1717.76
1011.43	2024.21
1468.49	2396.91
1903.43	2686.8
2308.89	2910.42
2758.57	3117.48
12
97.3093	110.984
362.698	119.266
657.575	119.266
996.684	168.96
1365.28	301.478
1755.99	500.254
2176.19	765.289
2603.76	1080.02
2920.75	1444.44
3267.23	1775.74
3643.2	2189.85
4004.43	2686.8
11
4206.84	3306.1
2312.14	3315.35
10
109.368	114.705
355.833	327.465
633.105	577.226
1218.46	1132.25
1611.26	1539.27
1934.74	1872.29
2258.23	2251.55
2766.56	2788.08
3090.04	3084.09
3344.21	3389.35
9
109.368	114.705
78.5604	401.468
163.282	947.243
317.323	1724.28
540.681	2149.8
679.317	2519.81
987.397	2834.33
1287.78	3074.84
1749.9	3361.6
12
109.368	114.705
402.045	77.7035
833.357	142.456
1457.22	262.712
1865.43	466.221
2265.93	743.734
2681.84	1012
2951.41	1345.01
3305.7	1770.53
3729.31	2214.55
4068.2	2862.08
4245.35	3250.6
12
842.017	2049.13
851.387	269.042
8
142.418	60.3025
175.212	147.277
245.484	309.63
315.756	483.58
400.083	674.924
484.41	883.664
596.845	1144.59
731.143	1498.29
6
142.418	60.3025
173.65	657.529
248.607	1034.42
390.713	1422.91
512.519	1712.82
699.911	1967.95
7
142.418	60.3025
225.183	71.8991
309.51	77.6975
428.192	135.681
528.135	251.647
648.378	570.555
746.759	1132.99
13
4447.5	3695.24
4391.02	1444.49
11
106.508	124.042
348.571	364.122
606.771	634.213
1026.35	984.331
1494.34	1414.48
1962.32	1784.6
2301.21	2124.71
2712.72	2524.85
3317.88	3065.03
3737.45	3385.14
4052.14	3745.26
9
106.508	124.042
90.3702	414.139
171.058	844.284
332.433	1464.49
639.046	2084.7
1203.86	2574.87
1817.09	3065.03
2422.24	3485.17
2874.1	3735.26
11
106.508	124.042
388.915	134.045
776.215	174.058
1195.79	274.092
1583.09	454.153
2107.56	724.243
2753.06	1214.41
3350.15	1694.57
3777.8	2144.72
4132.82	2494.84
4447.5	3095.04
14
4290.37	4335.22
4329.43	927.624
9
134.367	182.212
462.472	466.178
806.202	750.145
1259.3	1152.43
1743.65	1625.71
2196.74	2075.32
2688.9	2785.24
3360.74	3613.47
3970.08	4429.88
9
134.367	182.212
165.615	631.825
259.36	1389.07
446.848	2075.32
790.578	2737.91
1274.92	3388.67
1837.39	3873.77
2470.17	4311.56
2712.34	4465.37
11
134.367	182.212
478.096	194.044
1032.75	217.708
1517.1	324.195
1931.13	430.682
2368.61	619.993
2892.02	927.624
3462.29	1353.57
3868.52	2004.33
4227.87	2655.09
4329.43	3045.54
15
4043.19	3247.28
4021.18	2181.12
11
104.16	157.214
390.235	383.096
815.679	708.367
1189.78	1033.64
1571.21	1376.98
1842.61	1639
2209.38	2018.48
2546.8	2343.76
2979.58	2786.48
3317	3147.9
3515.05	3382.81
10
104.16	157.214
96.8252	446.344
140.837	798.72
250.865	1313.73
478.258	1837.78
698.315	2154.01
1101.75	2470.25
1695.91	2885.87
2260.72	3247.28
2561.47	3391.85
10
104.16	157.214
507.599	148.179
911.037	238.532
1417.17	365.026
1864.62	599.944
2334.07	898.108
2759.52	1313.73
3177.63	1792.6
3610.41	2479.28
4006.51	3012.37
16
2203.58	1957.67
2195.51	300.929
9
29.0475	29.3324
97.6321	94.5156
242.87	230.314
355.833	366.112
537.38	675.732
658.411	898.442
884.337	1246.09
1005.37	1457.93
1239.36	1881.62
7
29.0475	29.3324
69.3914	654.005
194.457	996.216
327.592	1284.11
501.07	1599.16
674.549	1756.69
888.371	1973.96
8
29.0475	29.3324
254.973	18.4686
493.002	83.6518
751.202	284.633
985.197	534.502
1428.98	1055.97
1880.83	1495.95
2130.96	1783.85
17
2065.22	2928.34
2052.24	959.774
9
83.0936	90.127
264.861	287.774
437.973	493.327
688.985	762.127
1026.55	1109.99
1316.51	1481.56
1580.51	1876.86
1805.56	2185.19
2108.5	2596.29
9
83.0936	90.127
83.0936	501.233
91.7492	864.904
173.977	1370.88
312.467	2042.88
511.545	2343.3
870.752	2667.44
1268.91	2928.34
1429.04	2967.87
10
83.0936	90.127
295.156	90.127
628.396	105.939
927.013	208.715
1247.27	335.209
1636.77	524.951
1909.42	762.127
2143.12	1125.8
2303.25	1789.89
2376.82	2106.13
18
2611.11	2033.68
2601.72	543.236
9
108.914	88.6212
287.307	284.278
493.867	474.181
714.511	687.102
996.185	923.041
1259.08	1170.49
1620.56	1452.47
1972.65	1774.73
2221.46	1981.89
9
108.914	88.6212
113.608	318.806
113.608	583.519
174.637	986.342
282.612	1337.37
451.616	1567.56
1080.69	1981.89
1404.61	2073.97
1728.54	2166.04
11
108.914	88.6212
338.947	77.1119
601.842	123.149
925.766	146.167
1268.47	232.487
1573.62	336.07
1836.51	485.69
2122.88	646.819
2334.13	894.268
2531.3	1228.04
2611.11	1377.66
19
3599.26	2091.8
3605.86	665.03
9
133.355	74.0249
252.186	282.966
404.025	503.847
549.263	688.909
826.535	915.759
1209.43	1136.64
1697.96	1453.04
2186.49	1727.65
2780.64	2223.13
9
133.355	74.0249
139.956	408.331
172.965	665.03
225.779	927.699
331.406	1333.64
496.449	1566.46
767.12	1781.37
1367.88	2079.86
1711.17	2235.07
9
133.355	74.0249
377.618	91.9341
707.704	169.541
1163.22	306.845
1552.72	491.907
1975.23	682.939
2443.96	957.548
2998.5	1321.7
3579.45	1900.77
20
2227.82	3384.77
2219.39	639.871
8
135.812	94.5264
435.273	421.733
696.775	685.316
970.93	930.721
1245.08	1212.48
1721.69	1830.54
2042.24	2194.1
2333.27	2566.75
8
135.812	94.5264
161.119	576.247
194.861	1012.52
279.216	1476.07
473.233	2066.86
781.13	2466.78
1249.3	2912.14
1713.26	3393.86
9
135.812	94.5264
367.789	76.3482
633.508	112.705
932.97	185.417
1190.25	230.862
1481.28	330.842
1915.71	548.98
2261.57	1048.88
2329.05	1203.39
21
2504.07	2791.13
2513.24	854.997
10
88.0229	72.7986
262.235	266.412
454.785	475.515
628.997	622.661
853.639	816.274
1174.56	1095.08
1472.55	1428.09
1798.05	1815.32
2164.81	2132.85
2394.04	2372.93
8
88.0229	72.7986
97.192	467.77
143.037	932.442
285.158	1490.05
441.032	1892.77
688.596	2249.01
1014.1	2574.28
1477.13	2899.55
9
88.0229	72.7986
326.418	96.0322
702.35	157.989
1037.02	212.2
1339.6	320.624
1623.84	521.982
1926.42	738.829
2288.6	1381.63
2508.65	1854.04
22
2412.71	2145.53
2412.71	306.845
8
75.6997	91.9341
234.141	253.117
449.797	462.058
810.691	844.122
1118.77	1094.85
1431.25	1393.34
1783.34	1829.13
2131.03	2217.16
8
75.6997	91.9341
97.7054	342.664
124.112	694.879
216.536	1100.82
344.17	1405.28
581.832	1679.89
881.109	1912.71
1343.23	2235.07
9
75.6997	91.9341
357.373	103.874
674.256	139.692
999.94	169.541
1334.43	288.936
1664.51	432.21
2007.8	754.576
2307.08	1184.4
2430.31	1578.4
23
2419.5	2285.97
2423.94	278.201
9
67.4549	87.922
258.281	232.272
551.178	481.603
746.442	671.882
1048.21	986.826
1310.05	1262.4
1571.88	1492.05
1926.9	1859.49
2246.43	2200.67
7
67.4549	87.922
94.0818	343.814
173.963	750.618
315.973	1144.3
537.864	1413.31
941.706	1708.57
1301.17	1859.49
8
67.4549	87.922
289.346	94.4833
688.75	140.413
955.019	199.465
1283.42	311.008
1518.62	429.112
1807.08	685.004
2082.23	1209.91
24
2278.44	2148.59
726.299	2111.16
9
47.239	77.3593
211.732	189.655
334.047	326.906
549.153	576.452
789.566	900.862
996.236	1194.08
1152.29	1449.86
1392.71	1774.27
1628.9	2179.79
8
47.239	77.3593
59.8922	301.951
110.505	676.27
203.296	1112.98
304.523	1443.62
473.233	1799.23
692.557	2061.25
970.93	2260.89
10
47.239	77.3593
274.998	71.1207
587.113	127.269
835.961	202.132
1131.2	345.622
1350.53	545.258
1565.63	838.475
1831.35	1293.9
1987.41	1711.89
2139.25	2036.3
25
2446.13	2061.12
2455	546.635
9
45.2658	26.0302
231.654	250.837
418.043	440.148
653.247	599.879
968.333	854.266
1345.55	1102.74
1722.76	1404.45
2028.97	1664.75
2370.68	1913.22
9
45.2658	26.0302
45.2658	298.165
76.3305	617.627
200.59	1008.08
351.476	1268.38
608.869	1546.43
946.144	1830.4
1394.36	2037.46
1953.53	2191.27
9
45.2658	26.0302
280.47	67.442
622.183	108.854
977.208	179.845
1305.61	304.081
1638.44	505.224
1957.97	783.274
2215.36	1019.91
2432.81	1315.71
26
3452.94	1994.61
3471.98	333.402
9
64.7188	48.7906
229.688	211.426
477.143	478.612
730.942	716.757
1079.92	983.944
1454.27	1274.36
1822.28	1541.55
2228.36	1837.78
2590.02	2168.86
8
64.7188	48.7906
64.7188	350.828
128.169	710.949
293.138	1117.54
502.523	1454.42
959.362	1861.01
1511.38	2122.39
1809.59	2180.47
10
64.7188	48.7906
248.723	37.1738
604.043	95.2578
1010.12	194.001
1397.17	379.87
1815.93	594.78
2317.19	925.859
2672.51	1222.09
3091.28	1657.72
3294.32	1884.25
27
2147.45	2692.29
2108.5	865.011
9
65.7824	98.7321
269.189	246.093
489.906	400.823
797.18	651.337
1026.55	894.483
1290.55	1159.73
1615.13	1579.71
1861.82	1911.28
2177.75	2309.15
8
65.7824	98.7321
61.4547	319.774
143.683	813.435
338.433	1307.1
602.429	1675.5
866.424	2029.17
1156.39	2316.52
1563.2	2618.61
9
65.7824	98.7321
312.467	91.364
654.362	157.677
978.947	216.621
1407.4	349.246
1693.03	548.184
1965.68	776.594
2138.8	1100.79
2316.24	1491.3
28
680.794	2098.05
677.054	291.626
7
143.587	55.4916
163.53	149.945
197.183	226.689
243.301	433.307
294.404	734.378
385.393	1259.78
505.049	2044.92
6
143.587	55.4916
159.791	468.727
200.923	911.479
254.519	1366.04
323.072	1761.56
374.175	2056.73
8
143.587	55.4916
184.719	49.5882
242.054	73.2017
309.361	173.559
381.653	421.5
478.874	864.252
559.891	1301.1
615.98	1826.5
29
2742.22	2188.14
2732.31	312.071
8
60.4756	75.2857
159.616	166.357
382.682	378.857
714.802	724.929
997.352	1052.79
1423.66	1508.14
1760.73	1842.07
2182.08	2261
7
60.4756	75.2857
70.3897	251.357
139.788	676.357
194.315	1046.71
417.381	1629.57
714.802	2006
1245.2	2224.57
8
60.4756	75.2857
298.413	81.3571
585.92	129.929
893.255	202.786
1250.16	348.5
1616.98	506.357
2023.46	937.429
2365.49	1502.07
30
2628.07	1960.59
2609	249.051
9
72.4722	78.9943
239.349	238.08
487.28	495.909
773.355	748.251
1040.36	984.137
1407.49	1269.39
1698.33	1505.28
2003.48	1774.08
2208.5	1966.08
7
72.4722	78.9943
77.2401	375.223
124.919	682.423
258.421	1049.97
625.55	1373.62
964.071	1697.28
1564.83	2004.48
8
72.4722	78.9943
267.956	78.9943
577.87	133.851
925.928	210.651
1507.61	479.451
1884.28	803.109
2265.71	1209.05
2499.34	1565.62
31
780.514	771.754
731.808	87.8144
4
7.30588	28.7085
92.5414	121.589
250.836	307.351
1109.28	104.702
4
7.30588	28.7085
13.3941	222.914
80.3649	493.112
263.012	763.31
4
7.30588	28.7085
494.366	45.5959
884.014	96.2581
1212.78	79.3707
32
2798.73	1897.52
2824.59	184.578
6
42.405	58.7294
259.602	240.511
683.652	660.007
1366.27	1317.22
2167.83	1974.43
2747.02	2331
6
42.405	58.7294
73.4331	436.276
145.832	1100.48
761.222	2170.19
1557.61	2505.79
2007.52	2603.67
6
42.405	58.7294
357.857	58.7294
1035.3	177.587
1914.43	303.435
2483.28	750.897
2834.93	1282.26
33
2139.03	1538.24
2147.1	148.899
6
49.2195	49.2423
259.007	225.108
529.311	500.631
1130.43	957.881
1590.35	1397.54
2058.34	1878.24
6
49.2195	49.2423
89.5633	295.454
259.007	846.499
710.858	1508.93
1114.3	1936.87
1558.08	2147.9
6
49.2195	49.2423
263.042	19.9314
690.687	137.175
1348.29	442.009
2009.93	805.464
2199.55	1245.13
34
1938.03	1697
1930.84	242.748
6
58.2271	58.1701
209.186	304.274
543.454	695.804
1053.84	1193.61
1438.43	1478.86
1837.39	1814.46
6
58.2271	58.1701
58.2271	259.528
173.244	925.128
363.74	1333.44
654.876	1741.75
1104.16	2049.38
7
58.2271	58.1701
320.609	74.9499
676.441	91.7297
1172.45	276.308
1438.43	432.92
1772.69	858.009
1966.78	1070.55
35
1943.16	1592.81
1918.25	133.4
6
54.0754	36.4854
274.646	247.416
605.502	652.176
907.898	977.124
1245.87	1216.56
1861.33	1706.83
6
54.0754	36.4854
82.5361	270.22
171.476	925.816
292.434	1341.98
626.848	1803.75
1156.93	2065.98
6
54.0754	36.4854
306.665	70.6904
527.235	99.1946
1178.27	304.425
1580.28	538.159
1936.04	863.107
36
2116.01	1865.79
2116.01	245.082
8
114.591	143.435
142.062	160.376
393.22	295.906
636.53	640.376
962.252	900.141
1641.17	1481.79
2068.92	1956.14
2155.26	2046.49
6
114.591	143.435
153.835	691.2
208.776	1284.14
483.481	1854.49
1009.34	2080.38
1256.58	2119.91
6
114.591	143.435
385.372	120.847
844.521	149.082
1319.37	414.494
1896.25	696.847
2178.8	1080.85
37
3907.4	2566.75
3998.94	612.604
6
207.499	194.506
642.333	639.871
1481.48	1385.18
2366.41	1957.79
3243.7	2530.4
4128.63	3039.39
5
207.499	194.506
283.786	676.227
657.59	1903.25
1374.68	2666.73
2557.12	3266.61
5
207.499	194.506
604.189	185.417
1733.23	330.842
2839.38	548.98
3602.25	1021.61
38
2357.12	1553.55
2340.95	251.611
7
87.3407	76.0686
259.866	339.383
486.305	631.954
923.008	1114.7
1435.19	1546.24
2012.07	1941.21
2669.82	2350.81
7
87.3407	76.0686
119.689	514.926
238.3	1063.5
604.916	1670.58
928.4	2211.84
1392.06	2548.3
1855.72	2665.33
6
87.3407	76.0686
426.999	127.269
1073.97	215.04
1941.98	697.783
2540.43	1034.24
2917.83	1458.47
39
2547.47	1846.36
2479.69	245.394
6
15.492	35.4312
247.873	317.569
644.856	750.618
1201.6	1209.91
1792.23	1583.91
2518.42	1944.78
6
15.492	35.4312
112.317	481.603
233.349	1124.61
635.173	1682.33
1274.22	2187.55
1903.58	2423.76
6
15.492	35.4312
451.205	87.922
1041.84	146.974
1627.63	343.814
2160.17	639.075
2586.2	973.704
40
3487.35	2661.4
3579.26	364.069
6
139.179	198.583
618.427	928.667
1071.42	1619.81
1806.7	2213.61
2496.03	2661.4
3474.22	3148.12
6
139.179	198.583
145.744	977.339
296.74	2174.68
1084.55	3138.39
1721.35	3488.83
2371.29	3556.97
6
139.179	198.583
1189.59	81.7694
1576.92	169.379
2180.91	286.193
2889.93	928.667
3559.57	1687.95
41
2936.63	2609.43
2931.31	264.282
12
107.425	104.551
229.74	242.501
389.281	394.971
575.413	576.484
841.316	823.341
1192.31	1121.02
1442.26	1353.36
1633.71	1542.13
1963.42	1810.77
2250.6	2159.27
2473.96	2413.39
2692	2638.47
10
107.425	104.551
75.5163	402.232
128.697	845.123
256.33	1200.89
442.462	1462.27
676.456	1752.69
942.359	1992.28
1298.67	2253.66
1761.34	2529.56
2053.83	2711.07
10
107.425	104.551
383.963	104.551
734.955	104.551
1144.44	257.022
1431.62	358.669
1729.43	540.182
2059.15	779.778
2388.87	1048.42
2723.91	1440.48
2872.81	1803.51
42
324.276	2304.71
321.636	320.172
5
54.2661	1027.99
96.5171	1319.06
136.788	1702.73
202.145	2192.25
266.181	2463.47
5
54.2661	1027.99
58.8873	1616.74
74.0713	2132.72
107.08	2437.01
157.253	2476.7
5
54.2661	1027.99
111.701	961.839
165.175	1140.45
243.075	1583.66
296.549	2093.03
43
3250.91	2381.25
1647.24	2347.37
9
98.0355	104.358
285.634	314.428
509.543	585.487
793.967	897.205
1120.75	1256.36
1387.02	1520.64
1762.22	1873.02
2034.54	2123.75
2331.07	2421.91
9
98.0355	104.358
98.0355	504.169
146.448	944.64
219.067	1269.91
340.099	1622.29
503.491	2001.77
793.967	2218.62
1114.7	2367.7
1429.38	2543.89
10
98.0355	104.358
352.202	97.5812
660.832	117.911
1108.65	233.111
1465.69	375.416
1986.13	754.899
2361.32	1086.95
2718.37	1452.88
2936.22	1825.58
3166.18	2198.29
44
3150.19	2325.8
3161.85	327.981
9
123.628	113.232
333.563	334.489
619.307	581.776
1074.17	920.169
1424.06	1128.41
1832.26	1395.22
2182.15	1720.6
2508.72	1961.38
2893.6	2247.71
9
123.628	113.232
111.965	380.042
164.449	757.48
351.057	1115.4
595.981	1356.18
1033.35	1629.49
1488.2	1928.84
1954.73	2104.55
2234.64	2221.68
9
123.628	113.232
502.677	132.754
910.883	243.383
1313.26	373.534
1756.45	620.822
2141.33	900.647
2508.72	1245.55
2870.27	1681.55
3109.37	1961.38
45
3559.27	2276.77
3604.96	489.498
10
144.93	109.37
458.291	502.836
693.313	729.578
941.39	902.97
1235.17	1129.71
1496.3	1323.11
1750.91	1569.86
2207.89	1923.31
2560.43	2176.73
2749.75	2323.45
10
144.93	109.37
138.401	396.133
112.288	662.889
177.572	982.997
301.611	1303.1
477.876	1549.85
836.937	1856.62
1202.53	2083.37
1639.93	2276.77
2207.89	2423.48
10
144.93	109.37
399.536	116.039
784.71	182.728
1202.53	309.437
1522.42	449.484
1822.72	649.552
2162.2	856.288
2573.48	1196.4
2932.54	1523.18
3265.49	1876.63
46
1611.41	2127.36
1620.21	252.16
9
112.083	111.36
211.842	386.56
361.481	687.36
543.395	892.16
713.572	1116.16
874.948	1340.16
1074.47	1615.36
1273.99	1839.36
1570.33	2280.96
9
112.083	111.36
106.214	380.16
120.885	674.56
150.226	1007.36
229.446	1333.76
376.151	1660.16
613.813	1935.36
845.607	2165.76
1092.07	2383.36
8
112.083	111.36
282.26	104.96
516.988	194.56
739.979	328.96
936.564	501.76
1162.49	783.36
1403.09	1020.16
1593.8	1506.56
47
2628.07	2386.49
2604.23	405.717
11
105.848	91.5254
239.349	269.112
368.083	426.208
582.638	658.436
801.962	890.665
1097.57	1225.35
1369.34	1532.71
1607.74	1785.43
1846.13	2044.98
2070.23	2284.04
2280.01	2529.93
9
105.848	91.5254
96.3117	248.621
134.455	617.455
182.134	952.137
339.475	1286.82
520.656	1566.86
849.641	1969.84
1164.32	2188.41
1550.52	2393.32
9
105.848	91.5254
329.939	112.016
630.317	159.828
925.928	282.772
1216.77	460.359
1493.31	747.23
1846.13	1116.06
2113.14	1525.88
2322.92	1949.35
48
2116.01	1881.62
1240.88	1865.33
11
91.045	94.5156
279.414	273.769
436.388	404.136
581.589	534.502
766.034	735.484
950.479	920.169
1119.23	1132.01
1276.2	1365.59
1441.02	1582.87
1562.68	1767.55
1688.26	1952.24
9
91.045	94.5156
87.1207	311.793
122.44	556.23
157.759	838.69
267.641	1121.15
369.674	1349.29
581.589	1615.46
742.488	1805.57
1044.66	1963.1
10
91.045	94.5156
244.095	72.7879
456.01	94.5156
644.379	132.539
879.84	224.882
1178.09	382.408
1539.13	789.803
1743.2	1148.31
1888.4	1474.23
2033.6	1849.03
49
2100.31	1814.59
1127.07	1809.21
11
47.8771	93.5798
212.7	222.655
334.355	340.975
522.724	491.563
722.866	674.42
942.63	878.79
1233.03	1158.45
1444.95	1368.2
1621.54	1588.71
1758.9	1744.67
1900.17	1884.5
10
47.8771	93.5798
51.8015	260.303
55.7258	410.891
122.44	781.983
208.776	1093.92
330.431	1389.71
491.329	1620.97
738.564	1809.21
1005.42	1938.29
1201.64	2024.34
10
47.8771	93.5798
228.397	88.2017
499.178	115.092
977.949	201.143
1272.28	351.731
1531.28	513.076
1774.59	808.874
1962.96	1088.54
2072.84	1352.07
2151.33	1750.05
50
2045.51	2774.93
1126.85	2798.49
10
97.0526	136.627
285.972	317.225
471.187	505.675
656.402	741.238
841.617	1094.58
997.197	1385.11
1163.89	1699.19
1352.81	2076.1
1549.14	2421.59
1756.58	2853.45
11
97.0526	136.627
122.983	411.45
174.843	804.055
285.972	1196.66
382.284	1479.34
519.343	1785.57
697.149	2076.1
826.799	2327.36
1008.31	2578.63
1126.85	2759.23
1256.5	2931.97
10
97.0526	136.627
241.52	120.922
489.708	144.479
674.923	230.852
923.111	364.337
1182.41	537.084
1438.01	906.132
1656.56	1471.48
1819.55	1895.5
2001.06	2453
51
969.22	1978.73
95.7396	1956.14
6
76.668	160.376
122.44	702.494
191.098	1312.38
320.785	1764.14
501.965	1888.38
686.96	1950.49
6
76.668	160.376
70.9465	1769.79
91.9253	1905.32
141.512	2023.91
273.106	2063.44
452.379	2091.67
8
76.668	160.376
118.626	166.024
158.676	386.259
213.984	736.376
337.949	1075.2
515.316	1532.61
599.231	1656.85
747.989	1781.08
52
2210.95	2944.15
2177.21	1394.6
10
114.723	129.656
321.394	319.398
523.846	509.139
747.388	714.692
975.147	943.962
1215.56	1204.86
1468.63	1497.37
1734.34	1829.42
1962.1	2193.09
2232.04	2525.14
11
114.723	129.656
106.288	335.209
161.119	596.104
224.385	991.398
317.176	1299.73
481.669	1513.19
726.299	1892.67
1013.11	2240.53
1388.49	2588.39
1658.43	2762.32
1919.93	2928.34
8
114.723	129.656
317.176	113.845
637.726	177.092
992.018	279.868
1342.09	398.456
1624.68	588.198
2012.72	920.245
2286.87	1434.13
53
2143.48	2235.59
1217.34	2216.23
10
51.8015	80.0269
240.171	247.825
463.859	441.439
711.093	680.229
938.706	893.203
1162.39	1138.45
1401.78	1390.14
1641.17	1609.57
1880.55	1841.91
2147.41	2216.23
10
51.8015	80.0269
55.7258	293.002
126.364	576.968
204.851	964.195
350.052	1209.44
534.497	1474.04
746.412	1706.38
1115.3	1977.44
1495.96	2261.41
1762.82	2377.57
8
51.8015	80.0269
255.868	92.9344
581.589	151.018
899.462	222.01
1193.79	318.817
1511.66	518.884
1833.46	912.565
2045.37	1215.89
54
3098.65	2024.8
3098.65	342.352
10
107.74	107.864
259.249	248.557
466.874	424.422
708.166	612.012
1067.3	852.362
1443.27	1151.33
1740.68	1385.82
2038.08	1573.41
2487	1878.24
2840.52	2142.04
9
107.74	107.864
85.2942	307.178
135.797	594.426
264.861	910.984
438.816	1239.27
764.281	1479.62
1230.03	1749.28
1650.89	1942.73
2172.76	2171.35
8
107.74	107.864
365.867	119.589
674.498	166.486
1033.63	254.419
1465.71	383.387
1920.24	606.15
2357.94	928.57
2767.57	1315.47
55
2251.86	2084.1
2255.97	364.273
8
91.1917	78.6931
296.579	294.465
501.965	497.544
740.214	745.046
1052.4	1062.36
1364.59	1411.4
1606.95	1658.9
2091.66	2274.48
8
91.1917	78.6931
103.515	383.312
156.916	732.354
267.824	1100.43
436.242	1411.4
797.722	1811.21
1064.73	1982.56
1627.49	2312.56
8
91.1917	78.6931
251.393	85.0393
543.043	129.463
805.938	192.925
1175.63	396.004
1442.64	630.814
1836.98	1043.32
2067.01	1411.4
56
2165.41	2723.94
2144.06	880.45
7
90.51	113.559
248.476	283.16
517.444	526.5
978.533	983.685
1495.12	1448.24
2050.14	2023.41
2272.14	2266.75
9
90.51	113.559
103.318	342.151
150.281	710.849
244.206	1079.55
355.209	1499.86
607.1	1846.44
1055.38	2237.26
1525.01	2569.08
1862.29	2760.81
8
90.51	113.559
316.785	135.681
615.639	194.672
944.378	268.412
1362.77	423.265
1772.63	666.605
2216.64	1123.79
2331.91	1418.75
57
2312.18	2153.91
1354.75	2141.21
8
85.1988	104.078
245.474	237.349
561.806	503.89
869.703	821.201
1266.17	1240.05
1472.84	1436.78
1822.92	1830.25
2109.73	2217.37
8
85.1988	104.078
85.1988	364.273
114.723	713.315
207.514	1132.17
367.789	1531.98
633.508	1817.56
932.97	2115.83
1084.81	2198.33
8
85.1988	104.078
342.483	97.7317
734.735	135.809
1029.98	186.579
1401.14	300.811
1759.65	630.814
2092.86	1056.01
2291.09	1525.63
58
2174.38	2891.81
2148.19	1373.88
9
92.5267	134.755
472.236	483.259
760.291	800.785
982.879	1064.1
1148.73	1257.71
1393.14	1559.75
1637.55	1892.77
1833.95	2140.59
2213.66	2613.01
10
92.5267	134.755
88.1623	405.814
162.358	793.041
262.741	1195.76
463.507	1536.52
659.908	1823.06
860.673	2078.63
1078.9	2326.46
1393.14	2636.24
1633.18	2829.85
10
92.5267	134.755
288.928	134.755
576.983	165.733
878.131	212.2
1057.07	235.434
1301.48	382.58
1558.99	568.449
1868.87	909.209
2091.45	1288.69
2274.76	1706.9
59
2392.87	1989.63
1216.85	1960.31
8
111.833	96.1398
222.779	213.384
449.108	483.044
693.188	764.429
915.079	1028.23
1136.97	1303.75
1523.06	1743.41
1789.33	2089.28
7
111.833	96.1398
107.395	412.698
160.649	723.394
249.406	1104.44
382.54	1467.89
657.685	1796.17
955.019	2018.94
9
111.833	96.1398
369.227	102.002
724.253	178.21
1039.34	324.765
1345.55	524.079
1607.38	887.535
1895.84	1327.2
2157.67	1819.62
2193.17	2036.52
60
2288.48	2117.34
2265.74	907.95
9
114.606	123.977
255.589	257.678
410.216	397.456
683.087	604.085
1083.3	841.1
1392.55	1005.19
1792.76	1260.43
2120.21	1491.37
2352.15	1582.53
9
114.606	123.977
123.702	354.915
205.563	737.786
401.12	1047.73
614.869	1266.51
996.889	1503.53
1365.26	1691.92
1933.75	1904.63
2320.31	2074.79
8
114.606	123.977
460.243	111.823
774.044	142.209
1106.04	166.518
1474.41	281.987
1860.98	458.229
2256.64	737.786
2370.34	877.564
61
2872.81	2166.6
1654.98	2166.6
9
91.4705	66.0007
203.15	211.964
346.737	364.273
559.459	630.814
830.68	884.663
1133.81	1182.94
1474.16	1531.98
1761.34	1842.94
2133.6	2236.41
8
91.4705	66.0007
112.743	396.004
165.923	846.586
282.92	1176.59
447.78	1576.4
777.499	1881.02
1128.49	2122.18
1415.67	2306.22
8
91.4705	66.0007
415.872	91.3855
745.591	148.501
1186.99	275.426
1564.57	484.851
1990.01	884.663
2319.73	1405.05
2734.54	1963.52
62
3257.16	2089.28
3251.21	289.592
9
137.844	119.589
244.792	242.694
529.986	582.701
892.42	858.224
1237.03	1086.85
1866.83	1444.44
2306.51	1696.52
2722.42	1948.59
3067.03	2147.9
9
137.844	119.589
149.727	389.249
215.084	758.567
333.915	1116.16
512.161	1473.75
803.297	1725.83
1213.26	1948.59
1658.88	2118.59
1979.72	2206.53
8
137.844	119.589
452.746	125.451
957.777	201.659
1367.74	295.454
1884.66	465.457
2342.16	717.531
2882.84	1174.78
3239.33	1561.69
63
1439.5	2071.4
1447.5	301.273
7
88.4699	72.6807
141.765	213.353
248.355	424.361
416.235	799.487
629.415	1192.2
959.845	1754.89
1226.32	2124.15
7
88.4699	72.6807
91.1347	365.748
131.106	735.013
195.06	1080.83
320.304	1479.4
512.166	1766.61
898.556	2106.57
6
88.4699	72.6807
227.037	90.2647
501.507	242.66
733.341	441.945
1023.8	828.794
1327.58	1579.05
64
528.344	2010.21
285.937	1986.09
7
187.943	98.8823
225.077	231.529
271.496	400.353
319.977	744.029
358.143	1123.88
406.625	1600.21
448.917	2166.97
6
187.943	98.8823
190.006	689.765
223.014	1148
258.086	1612.26
297.284	1949.91
327.198	2058.44
8
187.943	98.8823
258.086	110.941
337.513	171.235
379.805	321.971
411.782	593.294
452.011	949.029
483.989	1449.47
515.966	1980.06
65
2039.58	1778.3
965.92	1767.76
7
116.718	75.8965
240.171	218.202
711.533	629.308
1003.33	956.085
1340.02	1240.7
1654.26	1514.77
1889.94	1910.06
8
116.718	75.8965
120.459	360.508
142.905	697.826
202.761	987.708
277.58	1267.05
378.587	1509.5
584.34	1762.48
782.612	1894.25
8
116.718	75.8965
408.514	75.8965
805.058	123.332
1167.93	223.473
1437.28	360.508
1740.3	602.955
1972.24	935.002
2047.06	1351.38
66
2084.57	1916.61
988.248	1910.96
9
140.734	120.847
257.364	284.612
420.647	538.729
607.255	787.2
859.955	1069.55
1069.89	1380.14
1268.16	1572.14
1435.33	1798.02
1559.74	2012.61
7
140.734	120.847
144.622	408.847
156.285	736.376
257.364	1222.02
389.545	1600.38
630.582	1871.44
863.842	2035.2
10
140.734	120.847
436.198	81.3176
704.447	132.141
972.697	205.553
1248.72	341.082
1474.21	465.318
1734.68	821.082
1874.64	1188.14
1967.94	1538.26
2088.46	1973.08
67
1841.69	2026.18
1014.27	2026.18
8
76.5359	81.436
169.62	215.137
393.712	512.925
621.251	810.713
876.371	1078.11
1117.7	1430.6
1400.4	1795.24
1658.97	2165.95
8
76.5359	81.436
86.8786	367.07
124.802	756.017
204.096	1102.42
331.656	1388.06
504.034	1667.61
762.601	1941.09
1003.93	2129.49
9
76.5359	81.436
252.362	87.5133
538.51	111.823
835	281.987
1203.89	512.925
1396.95	774.249
1583.12	1132.81
1793.42	1594.69
1876.16	2062.64
68
2386.3	2157.47
2373.1	700.848
7
176.926	121.783
256.147	271.027
396.983	551.605
647.849	838.153
1021.95	1184.4
1422.45	1620.19
1884.57	2121.65
8
176.926	121.783
159.321	378.482
212.135	844.122
317.763	1214.25
502.611	1536.61
797.488	1721.68
1127.57	1888.83
1607.3	2187.32
8
176.926	121.783
361.774	145.662
647.849	199.39
1026.35	354.603
1334.43	581.453
1726.13	993.366
2091.42	1482.89
2337.89	1847.04
69
2293.33	2037.53
2284.96	216.857
8
109.605	100.891
230.923	257.445
381.524	437.193
632.527	680.723
929.547	941.647
1234.93	1260.55
1586.34	1585.26
2067.43	2112.91
7
109.605	100.891
126.338	356.017
151.438	669.126
251.84	1011.23
523.759	1451.9
1063.42	1875.18
1506.85	2165.09
9
109.605	100.891
268.573	106.689
536.309	141.479
812.413	211.059
1151.27	332.824
1444.1	529.966
1795.51	854.672
2213.85	1457.7
2293.33	1718.62
70
2103.42	2071.7
2122.67	254.419
8
135.555	125.451
366.615	395.111
574.57	641.323
890.352	940.294
1171.48	1168.92
1514.21	1462.03
1795.34	1755.14
2068.76	2042.39
8
135.555	125.451
139.406	359.938
166.363	699.945
274.191	1104.44
493.699	1315.47
763.269	1573.41
1229.24	1966.18
1660.55	2206.53
8
135.555	125.451
320.403	137.175
693.951	219.246
998.18	365.8
1294.71	600.288
1568.13	875.81
1849.25	1233.4
2041.8	1585.13
71
2659.45	2121.65
2678.96	288.936
8
127.802	74.0249
235.117	223.269
469.258	497.877
757.056	778.455
1039.98	1065
1381.43	1339.61
1669.23	1644.07
2059.46	2073.89
7
127.802	74.0249
122.924	384.452
171.703	796.364
293.652	1142.61
522.915	1470.95
1074.12	1858.98
1635.08	2217.16
7
127.802	74.0249
342.431	85.9644
766.812	193.42
1171.68	384.452
1654.6	796.364
2039.95	1238.13
2396.04	1703.77
72
1052.31	2223.46
1061.12	301.951
7
53.2539	71.1207
255.707	220.848
433.953	395.531
594.595	607.645
757.437	838.475
940.085	1056.83
1089.72	1337.57
8
53.2539	71.1207
53.2539	239.564
106.068	570.213
174.285	944.532
312.921	1293.9
491.168	1530.97
647.409	1755.56
1045.71	2229.7
6
53.2539	71.1207
218.297	71.1207
451.558	96.0753
682.618	139.746
882.87	227.087
1069.92	395.531
73
1627.95	2074.41
667.764	2049.67
6
106.618	51.9529
193.907	169.466
452.658	620.961
636.589	1066.27
832.99	1641.47
1044.98	2210.47
6
106.618	51.9529
109.735	472.524
144.027	855.987
225.082	1295.11
368.486	1802.27
552.417	2167.18
7
106.618	51.9529
343.546	76.6924
624.119	169.466
829.873	404.491
1126.03	930.205
1272.55	1344.59
1512.6	2142.44
74
2299.53	2173.53
2312.18	209.425
9
161.119	97.0218
291.869	262.669
426.838	487.476
599.766	688.618
878.139	1002.16
1110.12	1238.8
1342.09	1457.69
1654.21	1765.32
1945.23	2096.62
9
161.119	97.0218
156.901	333.66
220.167	765.526
321.394	1102.74
549.153	1481.36
793.783	1676.58
1076.37	1930.97
1346.31	2096.62
1574.07	2226.77
10
161.119	97.0218
312.958	108.854
540.717	150.266
781.13	233.089
1072.16	410.568
1304.13	588.047
1552.98	830.602
1768.09	1090.9
1941.02	1505.02
2223.61	1948.72
75
2562.77	2040.85
2525.5	425.788
8
140.668	81.3176
271.089	290.259
531.93	623.435
802.087	911.435
1095.53	1137.32
1486.8	1487.44
1878.06	1814.96
2069.03	2018.26
9
140.668	81.3176
145.326	380.612
168.615	742.024
266.431	1126.02
336.299	1346.26
545.903	1572.14
918.534	1769.79
1258.56	1950.49
1621.87	2108.61
8
140.668	81.3176
438.772	103.906
746.192	115.2
1100.19	233.788
1454.19	465.318
1817.5	838.024
2166.85	1289.79
2478.92	1814.96
76
2247.2	2067.92
1141.04	2050.01
8
171.029	97.9039
298.662	294.906
515.638	623.242
838.976	1059.03
1166.57	1357.52
1464.38	1679.89
1728.15	1942.56
1936.62	2157.47
7
171.029	97.9039
162.52	366.543
192.301	730.697
260.372	1124.7
400.768	1554.52
634.763	1870.92
945.337	2151.5
10
171.029	97.9039
311.425	115.813
579.455	181.48
830.467	235.208
1111.26	354.603
1379.29	509.816
1664.34	790.395
1987.67	1082.91
2251.45	1554.52
2357.81	1835.1
77
3294.21	1848.84
3230.4	1113.27
9
250.161	80.3388
313.978	283.794
486.283	534.201
696.877	711.572
1079.78	868.077
1532.88	1035.01
1985.97	1201.95
2502.89	1384.54
3294.21	1624.51
8
250.161	80.3388
231.016	466.383
288.451	722.006
371.413	993.28
613.916	1217.6
1098.92	1436.71
1647.75	1593.21
2362.49	1817.54
6
250.161	80.3388
607.534	189.892
1086.16	341.179
1788.14	591.586
2432.69	784.608
3281.45	1097.62
78
2826.59	2547.95
2837.15	311.718
5
111.965	138.541
471.099	590.306
1089.02	1222.78
1828.41	1802.54
2858.28	2457.6
5
111.965	138.541
196.467	914.071
302.095	1539.01
835.514	2209.13
1691.1	2721.13
5
111.965	138.541
576.726	123.482
1178.8	356.894
2472.74	989.365
2879.41	1772.42
79
1232.82	2106.57
1246.49	230.937
8
89.2951	90.2647
171.301	230.937
230.527	318.857
367.203	641.231
501.602	916.714
697.504	1321.15
952.633	1924.87
1066.53	2159.32
8
89.2951	90.2647
87.0172	242.66
123.464	606.063
191.802	1010.5
246.473	1256.67
312.533	1526.29
469.711	1790.05
690.67	2141.74
9
89.2951	90.2647
221.415	84.4033
358.092	101.987
522.103	184.046
636	283.689
786.344	477.113
941.244	817.071
1146.26	1538.02
1232.82	1901.42
80
2311.01	1689.21
2315.27	214.739
3
115.721	115.781
1328.24	956.924
2242.94	1664.47
5
115.721	115.781
230.591	585.831
456.076	1248.85
928.319	1600.15
1574.99	1817.86
5
115.721	115.781
949.591	91.0413
1587.76	155.364
2068.51	541.3
2340.79	1085.57
81
2327.63	2136.18
2314.21	993.054
7
76.9614	84.4154
251.467	283.73
564.682	641.323
891.32	893.397
1379.04	1309.61
1924.93	1667.21
2421.6	2042.39
8
76.9614	84.4154
63.5379	336.489
117.232	746.842
220.145	1192.37
452.819	1561.69
864.473	1843.07
1302.97	2071.7
1544.6	2183.08
7
76.9614	84.4154
425.972	96.1398
851.05	148.899
1204.54	242.694
1629.61	412.698
1996.52	682.358
2430.55	1180.64
82
1999.04	2033.68
1983.49	577.764
7
78.5311	82.8665
269.027	295.788
537.277	577.764
937.708	807.949
1423.67	1118.7
1808.55	1389.17
2034.03	1556.05
8
78.5311	82.8665
86.3065	376.352
175.723	784.93
327.343	1107.19
638.357	1417.94
1015.46	1642.37
1462.54	1866.8
1991.27	2079.72
7
78.5311	82.8665
385.658	82.8665
747.212	128.904
1097.1	203.714
1446.99	278.524
1812.44	456.917
2022.37	618.046
83
2693.59	2274.48
2709.21	1062.36
7
115.618	85.0393
318.731	345.234
605.172	681.584
1063.48	1017.93
1620.74	1430.44
2266.53	1874.67
2802.96	2242.75
7
115.618	85.0393
136.45	440.428
266.651	1017.93
563.508	1468.51
995.774	1798.52
1636.36	2128.52
2151.96	2376.02
7
115.618	85.0393
365.603	78.6931
704.125	129.463
1240.55	262.733
1787.39	484.851
2308.2	776.777
2823.79	1366.98
84
2366.25	2082.56
963.895	2056.96
7
129.584	117.76
311.535	328.96
533.426	565.76
835.198	904.96
1154.72	1340.16
1474.24	1756.16
1793.77	2172.16
7
129.584	117.76
120.709	335.36
173.963	732.16
267.157	1160.96
542.302	1800.96
1034.9	2165.76
1381.05	2351.36
8
129.584	117.76
386.978	130.56
715.377	194.56
1136.97	386.56
1527.5	776.96
1878.09	1212.16
2108.85	1583.36
2312.99	2037.76
85
2923.22	2105.33
2944.78	305.533
8
76.5579	70.5075
216.734	237.499
475.522	522.003
912.226	880.726
1311.19	1177.6
1839.55	1542.51
2437.99	2018.74
2772.26	2290.88
8
76.5579	70.5075
65.7751	293.163
130.472	571.482
243.691	917.835
416.216	1220.89
712.744	1585.8
1262.67	1839.38
2017.46	2210.47
8
76.5579	70.5075
292.214	76.6924
675.004	163.281
1057.79	293.163
1456.76	416.86
2017.46	886.911
2454.17	1307.48
2799.22	1684.76
86
3507.04	2282.7
3474.4	394.971
5
73.1177	60.9882
412.593	351.408
1039.32	852.383
2645.29	1622
3539.68	2152.01
5
73.1177	60.9882
210.213	903.207
549.688	1636.52
1496.3	2326.27
2455.97	2718.33
5
73.1177	60.9882
791.238	133.593
2279.71	278.803
3206.73	801.56
3552.74	1367.88
87
4212.25	3372.01
4079.44	558.758
5
149.991	179.114
790.578	909.198
2415.48	1795.03
4243.5	2953.43
3782.59	578.227
4
149.991	179.114
329.668	1483.53
1149.93	2651.67
3501.35	3615.38
4
149.991	179.114
1134.31	159.645
3571.66	432.21
4329.43	1113.62
88
2477.95	2147.72
2463.2	762.095
8
123.848	87.5133
310.604	263.755
571.078	494.693
915.101	774.249
1224.72	1017.34
1529.43	1157.12
1898.02	1394.14
2536.92	1807.39
8
123.848	87.5133
128.763	348.838
207.397	853.254
320.433	1205.74
610.395	1497.45
1072.37	1892.47
1514.68	1983.63
2251.88	2123.41
7
123.848	87.5133
453.127	111.823
924.93	166.518
1293.53	239.446
1686.7	342.76
2129.01	494.693
2605.73	822.868
89
2653	2127.57
2638.13	439.21
8
100.132	73.2017
248.842	244.399
476.865	480.534
769.33	752.088
1101.45	1082.68
1473.23	1413.26
1914.4	1879.63
2132.51	2098.05
8
100.132	73.2017
105.089	297.529
144.745	651.731
233.971	964.609
407.467	1277.49
675.146	1584.46
1131.19	1897.34
1686.38	2151.18
9
100.132	73.2017
407.467	85.0084
769.33	138.139
1056.84	256.206
1388.96	415.597
1661.59	628.118
2008.58	994.126
2271.31	1366.04
2529.07	1832.4
90
2047.06	1966.47
1212.82	2007.88
7
90.5316	73.358
236.43	239.005
442.183	487.476
677.865	771.442
909.805	1108.65
1190.38	1469.53
1628.07	2072.95
8
90.5316	73.358
101.754	398.736
116.718	801.022
232.689	1221.06
359.882	1481.36
561.894	1735.74
876.136	1984.22
1175.41	2120.28
8
90.5316	73.358
333.695	67.442
647.937	156.181
913.546	286.333
1186.64	487.476
1399.87	753.694
1646.78	1191.48
1946.05	1788.99
91
1803.41	2292.08
1792.85	882.146
8
67.6016	83.598
190.834	189.655
380.963	351.86
595.739	551.497
838.682	807.282
1099.23	1100.5
1349.22	1381.24
1838.62	1955.19
8
67.6016	83.598
60.5598	345.622
162.666	863.43
299.982	1169.12
637.99	1543.44
954.873	1805.47
1257.67	2055.01
1680.18	2329.51
7
67.6016	83.598
268.294	83.598
627.427	108.553
916.143	183.416
1208.38	326.906
1560.47	645.077
1859.75	1243.99
92
1876.16	2716.64
1886.51	459.004
9
114.459	100.173
255.809	264.637
428.187	488.906
631.594	802.883
810.867	1109.38
1021.17	1430.84
1241.81	1767.24
1452.11	2155.97
1717.58	2686.74
8
114.459	100.173
124.802	376.772
166.173	795.407
266.152	1311.23
428.187	1602.78
679.86	1961.61
931.532	2260.63
1272.84	2567.13
8
114.459	100.173
273.047	100.173
497.139	130.076
772.944	227.259
1014.27	429.101
1255.6	743.078
1469.35	1251.42
1707.23	2006.46
93
1968.06	2428.69
1964.5	795.558
9
75.421	97.5812
196.379	219.558
399.162	443.181
662.424	693.911
854.534	937.864
1110.68	1215.7
1356.15	1527.42
1679.9	1947.56
1914.7	2157.63
7
75.421	97.5812
82.5361	477.064
143.015	890.428
288.877	1446.1
594.83	1859.46
961.262	2177.96
1317.02	2442.24
7
75.421	97.5812
299.549	111.134
580.599	124.687
922.128	239.887
1192.51	388.969
1498.46	761.675
1889.79	1649.39
94
2306.76	1982.99
855.994	1959.76
7
124.23	89.4494
234.845	246.276
434.804	571.547
698.579	838.733
1013.41	1227.9
1434.6	1680.95
1774.95	2041.07
7
124.23	89.4494
111.466	298.552
179.537	728.374
311.425	1251.13
464.585	1558.98
1021.92	2017.84
1345.25	2128.2
7
124.23	89.4494
375.242	89.4494
741.124	176.575
996.39	327.594
1302.71	571.547
1638.81	914.243
1970.66	1570.59
95
1769.84	211.125
1782.9	57.5247
4
65.9365	58.2776
480.488	85.3835
1139.85	105.713
1805.75	150.889
5
65.9365	58.2776
98.5783	111.736
467.431	141.854
1087.63	170.466
1782.9	188.536
5
65.9365	58.2776
487.016	56.7718
1149.65	69.5718
1603.37	77.8541
1812.27	110.984
